0.00469043151969981 0.0290806754221388 0.00469043151969981 0.175422138836773 0.00469043151969981 0.00469043151969981 0.00469043151969981 0.00469043151969981 0.00469043151969981 0.0290806754221388 0.0290806754221388 0.00469043151969981 0.0290806754221388 0.565666041275797 0.00469043151969981 0.00469043151969981 0.00469043151969981 0.00469043151969981 0.00469043151969981 0.00469043151969981 0.00469043151969981 0.0290806754221388 0.0290806754221388 0.00469043151969981 0.00469043151969981 0.00469043151969981
0.00534188034188034 0.00534188034188034 0.00534188034188034 0.00534188034188034 0.00534188034188034 0.00534188034188034 0.0331196581196581 0.422008547008547 0.00534188034188034 0.00534188034188034 0.00534188034188034 0.0608974358974359 0.0608974358974359 0.00534188034188034 0.00534188034188034 0.0331196581196581 0.00534188034188034 0.00534188034188034 0.00534188034188034 0.0331196581196581 0.00534188034188034 0.0331196581196581 0.199786324786325 0.00534188034188034 0.00534188034188034 0.0331196581196581
0.0897435897435897 0.0172798216276477 0.00278706800445931 0.0172798216276477 0.00278706800445931 0.00278706800445931 0.0462653288740245 0.00278706800445931 0.00278706800445931 0.00278706800445931 0.00278706800445931 0.133221850613155 0.0897435897435897 0.00278706800445931 0.0172798216276477 0.481047937569677 0.00278706800445931 0.00278706800445931 0.00278706800445931 0.0172798216276477 0.0317725752508361 0.00278706800445931 0.0172798216276477 0.00278706800445931 0.00278706800445931 0.00278706800445931
0.121794871794872 0.0662393162393162 0.0106837606837607 0.0106837606837607 0.0106837606837607 0.0106837606837607 0.0106837606837607 0.0662393162393162 0.0106837606837607 0.0106837606837607 0.0106837606837607 0.0106837606837607 0.0662393162393162 0.0106837606837607 0.0106837606837607 0.0106837606837607 0.0106837606837607 0.0106837606837607 0.0106837606837607 0.0662393162393162 0.0106837606837607 0.0106837606837607 0.39957264957265 0.0106837606837607 0.0106837606837607 0.0106837606837607
0.00437062937062937 0.00437062937062937 0.00437062937062937 0.0952797202797203 0.00437062937062937 0.00437062937062937 0.00437062937062937 0.0498251748251748 0.00437062937062937 0.00437062937062937 0.00437062937062937 0.504370629370629 0.00437062937062937 0.00437062937062937 0.00437062937062937 0.00437062937062937 0.00437062937062937 0.00437062937062937 0.00437062937062937 0.00437062937062937 0.00437062937062937 0.254370629370629 0.00437062937062937 0.00437062937062937 0.00437062937062937 0.00437062937062937
0.00427350427350427 0.00427350427350427 0.0264957264957265 0.00427350427350427 0.00427350427350427 0.00427350427350427 0.00427350427350427 0.0709401709401709 0.00427350427350427 0.00427350427350427 0.00427350427350427 0.00427350427350427 0.00427350427350427 0.0264957264957265 0.55982905982906 0.0264957264957265 0.00427350427350427 0.00427350427350427 0.00427350427350427 0.00427350427350427 0.00427350427350427 0.00427350427350427 0.00427350427350427 0.00427350427350427 0.00427350427350427 0.204273504273504
0.00337381916329285 0.582321187584345 0.00337381916329285 0.00337381916329285 0.0910931174089069 0.00337381916329285 0.00337381916329285 0.00337381916329285 0.00337381916329285 0.00337381916329285 0.00337381916329285 0.00337381916329285 0.0209176788124157 0.00337381916329285 0.00337381916329285 0.00337381916329285 0.00337381916329285 0.00337381916329285 0.00337381916329285 0.00337381916329285 0.00337381916329285 0.10863697705803 0.0384615384615385 0.0384615384615385 0.0560053981106613 0.00337381916329285
0.00223613595706619 0.00223613595706619 0.909212880143113 0.00223613595706619 0.00223613595706619 0.00223613595706619 0.00223613595706619 0.00223613595706619 0.00223613595706619 0.0138640429338104 0.00223613595706619 0.00223613595706619 0.00223613595706619 0.00223613595706619 0.00223613595706619 0.00223613595706619 0.00223613595706619 0.00223613595706619 0.00223613595706619 0.00223613595706619 0.00223613595706619 0.0254919499105546 0.00223613595706619 0.00223613595706619 0.00223613595706619 0.00223613595706619
0.209615384615385 0.00961538461538462 0.00961538461538462 0.00961538461538462 0.00961538461538462 0.00961538461538462 0.409615384615385 0.00961538461538462 0.0596153846153846 0.00961538461538462 0.00961538461538462 0.00961538461538462 0.00961538461538462 0.00961538461538462 0.00961538461538462 0.00961538461538462 0.00961538461538462 0.00961538461538462 0.00961538461538462 0.00961538461538462 0.00961538461538462 0.00961538461538462 0.00961538461538462 0.00961538461538462 0.109615384615385 0.00961538461538462
0.00270855904658722 0.00270855904658722 0.0167930660888407 0.0308775731310943 0.00270855904658722 0.0872156013001083 0.00270855904658722 0.00270855904658722 0.00270855904658722 0.00270855904658722 0.0167930660888407 0.00270855904658722 0.00270855904658722 0.00270855904658722 0.00270855904658722 0.00270855904658722 0.00270855904658722 0.00270855904658722 0.00270855904658722 0.763271939328277 0.00270855904658722 0.00270855904658722 0.0308775731310943 0.00270855904658722 0.00270855904658722 0.00270855904658722
0.00384615384615385 0.00384615384615385 0.00384615384615385 0.0238461538461538 0.00384615384615385 0.00384615384615385 0.00384615384615385 0.00384615384615385 0.00384615384615385 0.00384615384615385 0.123846153846154 0.763846153846154 0.00384615384615385 0.00384615384615385 0.00384615384615385 0.00384615384615385 0.00384615384615385 0.00384615384615385 0.00384615384615385 0.00384615384615385 0.00384615384615385 0.00384615384615385 0.00384615384615385 0.00384615384615385 0.00384615384615385 0.00384615384615385
0.00534188034188034 0.00534188034188034 0.00534188034188034 0.00534188034188034 0.199786324786325 0.00534188034188034 0.00534188034188034 0.00534188034188034 0.00534188034188034 0.00534188034188034 0.0331196581196581 0.00534188034188034 0.00534188034188034 0.00534188034188034 0.00534188034188034 0.00534188034188034 0.00534188034188034 0.00534188034188034 0.0331196581196581 0.00534188034188034 0.00534188034188034 0.199786324786325 0.422008547008547 0.00534188034188034 0.00534188034188034 0.00534188034188034
0.00377073906485671 0.00377073906485671 0.00377073906485671 0.00377073906485671 0.00377073906485671 0.00377073906485671 0.00377073906485671 0.00377073906485671 0.905731523378582 0.00377073906485671 0.00377073906485671 0.00377073906485671 0.00377073906485671 0.00377073906485671 0.00377073906485671 0.00377073906485671 0.00377073906485671 0.00377073906485671 0.00377073906485671 0.00377073906485671 0.00377073906485671 0.00377073906485671 0.00377073906485671 0.00377073906485671 0.00377073906485671 0.00377073906485671
0.00836120401337793 0.0518394648829431 0.00836120401337793 0.00836120401337793 0.00836120401337793 0.00836120401337793 0.0518394648829431 0.0518394648829431 0.0518394648829431 0.00836120401337793 0.00836120401337793 0.00836120401337793 0.00836120401337793 0.00836120401337793 0.44314381270903 0.00836120401337793 0.00836120401337793 0.00836120401337793 0.0518394648829431 0.00836120401337793 0.00836120401337793 0.00836120401337793 0.0518394648829431 0.00836120401337793 0.0953177257525084 0.00836120401337793
0.00305250305250305 0.0506715506715507 0.272893772893773 0.0506715506715507 0.00305250305250305 0.00305250305250305 0.0347985347985348 0.00305250305250305 0.0189255189255189 0.00305250305250305 0.00305250305250305 0.0189255189255189 0.00305250305250305 0.177655677655678 0.0506715506715507 0.00305250305250305 0.00305250305250305 0.0347985347985348 0.00305250305250305 0.00305250305250305 0.00305250305250305 0.241147741147741 0.00305250305250305 0.00305250305250305 0.00305250305250305 0.00305250305250305
0.0602322206095791 0.0224963715529753 0.0413642960812772 0.0224963715529753 0.00362844702467344 0.00362844702467344 0.00362844702467344 0.2677793904209 0.0224963715529753 0.0413642960812772 0.00362844702467344 0.00362844702467344 0.00362844702467344 0.079100145137881 0.00362844702467344 0.00362844702467344 0.00362844702467344 0.305515239477504 0.00362844702467344 0.0224963715529753 0.0224963715529753 0.0413642960812772 0.00362844702467344 0.00362844702467344 0.00362844702467344 0.00362844702467344
0.258012820512821 0.00801282051282051 0.0496794871794872 0.00801282051282051 0.00801282051282051 0.00801282051282051 0.216346153846154 0.00801282051282051 0.00801282051282051 0.00801282051282051 0.00801282051282051 0.0913461538461539 0.00801282051282051 0.0913461538461539 0.00801282051282051 0.0496794871794872 0.0496794871794872 0.0496794871794872 0.00801282051282051 0.00801282051282051 0.00801282051282051 0.00801282051282051 0.00801282051282051 0.00801282051282051 0.00801282051282051 0.00801282051282051
0.135180995475113 0.00282805429864253 0.00282805429864253 0.00282805429864253 0.0175339366515837 0.00282805429864253 0.282239819004525 0.00282805429864253 0.00282805429864253 0.00282805429864253 0.0175339366515837 0.00282805429864253 0.00282805429864253 0.00282805429864253 0.00282805429864253 0.00282805429864253 0.00282805429864253 0.00282805429864253 0.00282805429864253 0.311651583710407 0.120475113122172 0.00282805429864253 0.0616515837104072 0.00282805429864253 0.00282805429864253 0.00282805429864253
0.00437062937062937 0.00437062937062937 0.00437062937062937 0.00437062937062937 0.00437062937062937 0.00437062937062937 0.890734265734266 0.00437062937062937 0.00437062937062937 0.00437062937062937 0.00437062937062937 0.00437062937062937 0.00437062937062937 0.00437062937062937 0.00437062937062937 0.00437062937062937 0.00437062937062937 0.00437062937062937 0.00437062937062937 0.00437062937062937 0.00437062937062937 0.00437062937062937 0.00437062937062937 0.00437062937062937 0.00437062937062937 0.00437062937062937
0.0133967156439067 0.00216076058772688 0.00216076058772688 0.103284356093345 0.00216076058772688 0.0583405358686258 0.0358686257562662 0.00216076058772688 0.00216076058772688 0.00216076058772688 0.136992221261884 0.00216076058772688 0.00216076058772688 0.0358686257562662 0.00216076058772688 0.00216076058772688 0.00216076058772688 0.00216076058772688 0.00216076058772688 0.159464131374244 0.170700086430424 0.00216076058772688 0.00216076058772688 0.047104580812446 0.204407951598963 0.00216076058772688
0.00469043151969981 0.00469043151969981 0.00469043151969981 0.00469043151969981 0.687617260787993 0.00469043151969981 0.00469043151969981 0.00469043151969981 0.00469043151969981 0.0534709193245779 0.00469043151969981 0.00469043151969981 0.00469043151969981 0.00469043151969981 0.00469043151969981 0.00469043151969981 0.00469043151969981 0.102251407129456 0.00469043151969981 0.00469043151969981 0.00469043151969981 0.00469043151969981 0.0534709193245779 0.00469043151969981 0.00469043151969981 0.00469043151969981
0.00663129973474801 0.00663129973474801 0.00663129973474801 0.00663129973474801 0.00663129973474801 0.00663129973474801 0.00663129973474801 0.00663129973474801 0.00663129973474801 0.00663129973474801 0.00663129973474801 0.00663129973474801 0.00663129973474801 0.00663129973474801 0.00663129973474801 0.00663129973474801 0.00663129973474801 0.00663129973474801 0.8342175066313 0.00663129973474801 0.00663129973474801 0.00663129973474801 0.00663129973474801 0.00663129973474801 0.00663129973474801 0.00663129973474801
0.00469043151969981 0.00469043151969981 0.00469043151969981 0.00469043151969981 0.00469043151969981 0.00469043151969981 0.151031894934334 0.00469043151969981 0.00469043151969981 0.00469043151969981 0.00469043151969981 0.00469043151969981 0.00469043151969981 0.00469043151969981 0.00469043151969981 0.0778611632270169 0.00469043151969981 0.590056285178236 0.00469043151969981 0.00469043151969981 0.00469043151969981 0.00469043151969981 0.00469043151969981 0.00469043151969981 0.0778611632270169 0.00469043151969981
0.0388176638176638 0.00178062678062678 0.00178062678062678 0.011039886039886 0.103632478632479 0.00178062678062678 0.00178062678062678 0.00178062678062678 0.0573361823361823 0.00178062678062678 0.00178062678062678 0.00178062678062678 0.011039886039886 0.0758547008547008 0.00178062678062678 0.00178062678062678 0.00178062678062678 0.011039886039886 0.00178062678062678 0.00178062678062678 0.0480769230769231 0.0943732193732194 0.483262108262108 0.011039886039886 0.0295584045584046 0.00178062678062678
0.00282805429864253 0.00282805429864253 0.00282805429864253 0.0175339366515837 0.00282805429864253 0.502828054298643 0.00282805429864253 0.00282805429864253 0.0175339366515837 0.00282805429864253 0.0175339366515837 0.0175339366515837 0.00282805429864253 0.00282805429864253 0.00282805429864253 0.00282805429864253 0.00282805429864253 0.00282805429864253 0.00282805429864253 0.370475113122172 0.00282805429864253 0.00282805429864253 0.00282805429864253 0.00282805429864253 0.00282805429864253 0.00282805429864253
0.00620347394540943 0.00620347394540943 0.00620347394540943 0.00620347394540943 0.00620347394540943 0.00620347394540943 0.00620347394540943 0.00620347394540943 0.00620347394540943 0.00620347394540943 0.00620347394540943 0.00620347394540943 0.00620347394540943 0.00620347394540943 0.844913151364764 0.00620347394540943 0.00620347394540943 0.00620347394540943 0.00620347394540943 0.00620347394540943 0.00620347394540943 0.00620347394540943 0.00620347394540943 0.00620347394540943 0.00620347394540943 0.00620347394540943
0.00480769230769231 0.00480769230769231 0.00480769230769231 0.0298076923076923 0.554807692307692 0.00480769230769231 0.00480769230769231 0.0298076923076923 0.00480769230769231 0.00480769230769231 0.00480769230769231 0.00480769230769231 0.00480769230769231 0.0548076923076923 0.00480769230769231 0.00480769230769231 0.00480769230769231 0.00480769230769231 0.0548076923076923 0.00480769230769231 0.00480769230769231 0.00480769230769231 0.179807692307692 0.00480769230769231 0.00480769230769231 0.00480769230769231
0.00270855904658722 0.00270855904658722 0.00270855904658722 0.298483206933911 0.298483206933911 0.0167930660888407 0.00270855904658722 0.00270855904658722 0.0308775731310943 0.00270855904658722 0.185807150595883 0.00270855904658722 0.00270855904658722 0.00270855904658722 0.00270855904658722 0.00270855904658722 0.00270855904658722 0.00270855904658722 0.00270855904658722 0.00270855904658722 0.00270855904658722 0.00270855904658722 0.115384615384615 0.00270855904658722 0.00270855904658722 0.00270855904658722
0.0384615384615385 0.00620347394540943 0.00620347394540943 0.00620347394540943 0.00620347394540943 0.00620347394540943 0.00620347394540943 0.0384615384615385 0.102977667493797 0.296526054590571 0.00620347394540943 0.00620347394540943 0.00620347394540943 0.0384615384615385 0.00620347394540943 0.00620347394540943 0.00620347394540943 0.00620347394540943 0.00620347394540943 0.00620347394540943 0.00620347394540943 0.00620347394540943 0.00620347394540943 0.00620347394540943 0.00620347394540943 0.361042183622829
0.00305250305250305 0.00305250305250305 0.00305250305250305 0.00305250305250305 0.0665445665445665 0.00305250305250305 0.00305250305250305 0.0665445665445665 0.00305250305250305 0.00305250305250305 0.00305250305250305 0.00305250305250305 0.00305250305250305 0.00305250305250305 0.00305250305250305 0.00305250305250305 0.00305250305250305 0.00305250305250305 0.00305250305250305 0.00305250305250305 0.00305250305250305 0.0189255189255189 0.193528693528694 0.00305250305250305 0.59035409035409 0.00305250305250305
0.00582750582750583 0.00582750582750583 0.0361305361305361 0.00582750582750583 0.490675990675991 0.00582750582750583 0.00582750582750583 0.00582750582750583 0.00582750582750583 0.00582750582750583 0.00582750582750583 0.00582750582750583 0.00582750582750583 0.00582750582750583 0.00582750582750583 0.00582750582750583 0.0361305361305361 0.00582750582750583 0.00582750582750583 0.00582750582750583 0.00582750582750583 0.187645687645688 0.0967365967365967 0.00582750582750583 0.00582750582750583 0.0361305361305361
0.00480769230769231 0.00480769230769231 0.0298076923076923 0.0298076923076923 0.00480769230769231 0.00480769230769231 0.00480769230769231 0.00480769230769231 0.00480769230769231 0.354807692307692 0.00480769230769231 0.00480769230769231 0.00480769230769231 0.0298076923076923 0.254807692307692 0.129807692307692 0.00480769230769231 0.0298076923076923 0.00480769230769231 0.00480769230769231 0.00480769230769231 0.00480769230769231 0.0298076923076923 0.0298076923076923 0.00480769230769231 0.00480769230769231
0.016025641025641 0.432692307692308 0.016025641025641 0.016025641025641 0.016025641025641 0.016025641025641 0.0993589743589744 0.016025641025641 0.016025641025641 0.016025641025641 0.016025641025641 0.016025641025641 0.016025641025641 0.016025641025641 0.016025641025641 0.016025641025641 0.016025641025641 0.016025641025641 0.016025641025641 0.0993589743589744 0.016025641025641 0.016025641025641 0.016025641025641 0.016025641025641 0.016025641025641 0.016025641025641
0.00291375291375291 0.0180652680652681 0.0332167832167832 0.00291375291375291 0.00291375291375291 0.00291375291375291 0.0180652680652681 0.00291375291375291 0.00291375291375291 0.0332167832167832 0.245337995337995 0.0180652680652681 0.00291375291375291 0.00291375291375291 0.00291375291375291 0.381701631701632 0.00291375291375291 0.00291375291375291 0.0180652680652681 0.16958041958042 0.00291375291375291 0.00291375291375291 0.00291375291375291 0.0180652680652681 0.00291375291375291 0.00291375291375291
0.0350678733031674 0.00565610859728507 0.211538461538462 0.0938914027149321 0.211538461538462 0.00565610859728507 0.00565610859728507 0.00565610859728507 0.00565610859728507 0.00565610859728507 0.00565610859728507 0.00565610859728507 0.00565610859728507 0.00565610859728507 0.0350678733031674 0.0350678733031674 0.00565610859728507 0.00565610859728507 0.00565610859728507 0.00565610859728507 0.00565610859728507 0.00565610859728507 0.00565610859728507 0.123303167420814 0.0644796380090498 0.0938914027149321
0.0665445665445665 0.0824175824175824 0.00305250305250305 0.00305250305250305 0.00305250305250305 0.00305250305250305 0.0982905982905983 0.0506715506715507 0.00305250305250305 0.0189255189255189 0.00305250305250305 0.00305250305250305 0.00305250305250305 0.00305250305250305 0.00305250305250305 0.0347985347985348 0.00305250305250305 0.352258852258852 0.00305250305250305 0.114163614163614 0.00305250305250305 0.00305250305250305 0.00305250305250305 0.00305250305250305 0.13003663003663 0.00305250305250305
0.00480769230769231 0.779807692307692 0.00480769230769231 0.00480769230769231 0.00480769230769231 0.00480769230769231 0.0298076923076923 0.00480769230769231 0.00480769230769231 0.00480769230769231 0.0298076923076923 0.00480769230769231 0.00480769230769231 0.00480769230769231 0.00480769230769231 0.00480769230769231 0.00480769230769231 0.00480769230769231 0.00480769230769231 0.00480769230769231 0.0548076923076923 0.00480769230769231 0.00480769230769231 0.00480769230769231 0.00480769230769231 0.00480769230769231
0.00769230769230769 0.0476923076923077 0.527692307692308 0.00769230769230769 0.00769230769230769 0.00769230769230769 0.00769230769230769 0.00769230769230769 0.00769230769230769 0.00769230769230769 0.00769230769230769 0.00769230769230769 0.00769230769230769 0.00769230769230769 0.00769230769230769 0.127692307692308 0.0476923076923077 0.0476923076923077 0.00769230769230769 0.0476923076923077 0.00769230769230769 0.00769230769230769 0.00769230769230769 0.00769230769230769 0.00769230769230769 0.00769230769230769
0.00267094017094017 0.00267094017094017 0.00267094017094017 0.00267094017094017 0.0165598290598291 0.00267094017094017 0.00267094017094017 0.00267094017094017 0.00267094017094017 0.030448717948718 0.363782051282051 0.00267094017094017 0.00267094017094017 0.00267094017094017 0.0165598290598291 0.00267094017094017 0.00267094017094017 0.0165598290598291 0.00267094017094017 0.433226495726496 0.030448717948718 0.0443376068376068 0.00267094017094017 0.00267094017094017 0.00267094017094017 0.00267094017094017
0.00234521575984991 0.00234521575984991 0.00234521575984991 0.0267354596622889 0.00234521575984991 0.00234521575984991 0.0145403377110694 0.00234521575984991 0.00234521575984991 0.00234521575984991 0.160881801125704 0.160881801125704 0.00234521575984991 0.00234521575984991 0.0267354596622889 0.00234521575984991 0.0145403377110694 0.00234521575984991 0.0145403377110694 0.0145403377110694 0.0145403377110694 0.185272045028143 0.00234521575984991 0.0145403377110694 0.319418386491557 0.00234521575984991
0.00384615384615385 0.00384615384615385 0.00384615384615385 0.00384615384615385 0.00384615384615385 0.00384615384615385 0.00384615384615385 0.00384615384615385 0.00384615384615385 0.00384615384615385 0.0238461538461538 0.00384615384615385 0.00384615384615385 0.863846153846154 0.00384615384615385 0.0238461538461538 0.00384615384615385 0.00384615384615385 0.00384615384615385 0.00384615384615385 0.00384615384615385 0.00384615384615385 0.00384615384615385 0.00384615384615385 0.00384615384615385 0.00384615384615385
0.00287026406429392 0.00287026406429392 0.913318025258324 0.00287026406429392 0.0177956371986223 0.00287026406429392 0.00287026406429392 0.00287026406429392 0.00287026406429392 0.00287026406429392 0.00287026406429392 0.00287026406429392 0.00287026406429392 0.00287026406429392 0.00287026406429392 0.00287026406429392 0.00287026406429392 0.00287026406429392 0.00287026406429392 0.00287026406429392 0.00287026406429392 0.00287026406429392 0.00287026406429392 0.00287026406429392 0.00287026406429392 0.00287026406429392
0.00263435194942044 0.00263435194942044 0.00263435194942044 0.00263435194942044 0.00263435194942044 0.071127502634352 0.00263435194942044 0.00263435194942044 0.00263435194942044 0.00263435194942044 0.00263435194942044 0.00263435194942044 0.00263435194942044 0.00263435194942044 0.00263435194942044 0.00263435194942044 0.00263435194942044 0.00263435194942044 0.00263435194942044 0.865648050579557 0.00263435194942044 0.00263435194942044 0.00263435194942044 0.00263435194942044 0.00263435194942044 0.00263435194942044
0.0120192307692308 0.0120192307692308 0.0120192307692308 0.0120192307692308 0.0120192307692308 0.0120192307692308 0.0120192307692308 0.637019230769231 0.0120192307692308 0.0120192307692308 0.0120192307692308 0.0120192307692308 0.0120192307692308 0.0120192307692308 0.0120192307692308 0.0120192307692308 0.0120192307692308 0.0120192307692308 0.0120192307692308 0.0120192307692308 0.0120192307692308 0.0120192307692308 0.0745192307692308 0.0120192307692308 0.0120192307692308 0.0120192307692308
0.00739644970414201 0.00739644970414201 0.00739644970414201 0.00739644970414201 0.00739644970414201 0.0458579881656805 0.00739644970414201 0.00739644970414201 0.0458579881656805 0.0458579881656805 0.00739644970414201 0.00739644970414201 0.00739644970414201 0.31508875739645 0.00739644970414201 0.00739644970414201 0.00739644970414201 0.00739644970414201 0.00739644970414201 0.353550295857988 0.00739644970414201 0.00739644970414201 0.00739644970414201 0.00739644970414201 0.00739644970414201 0.0458579881656805
0.0413642960812772 0.00362844702467344 0.00362844702467344 0.0224963715529753 0.0413642960812772 0.0224963715529753 0.00362844702467344 0.00362844702467344 0.00362844702467344 0.00362844702467344 0.0224963715529753 0.00362844702467344 0.00362844702467344 0.0413642960812772 0.00362844702467344 0.0224963715529753 0.00362844702467344 0.00362844702467344 0.00362844702467344 0.456458635703919 0.00362844702467344 0.00362844702467344 0.00362844702467344 0.00362844702467344 0.0224963715529753 0.248911465892598
0.00712250712250712 0.00712250712250712 0.00712250712250712 0.00712250712250712 0.00712250712250712 0.00712250712250712 0.00712250712250712 0.00712250712250712 0.00712250712250712 0.00712250712250712 0.00712250712250712 0.00712250712250712 0.0441595441595442 0.0811965811965812 0.00712250712250712 0.0441595441595442 0.00712250712250712 0.562678062678063 0.00712250712250712 0.00712250712250712 0.00712250712250712 0.00712250712250712 0.00712250712250712 0.00712250712250712 0.0811965811965812 0.0441595441595442
0.00362844702467344 0.17343976777939 0.00362844702467344 0.192307692307692 0.0224963715529753 0.0224963715529753 0.00362844702467344 0.0413642960812772 0.00362844702467344 0.00362844702467344 0.00362844702467344 0.00362844702467344 0.00362844702467344 0.00362844702467344 0.00362844702467344 0.00362844702467344 0.00362844702467344 0.248911465892598 0.00362844702467344 0.00362844702467344 0.116835994194485 0.079100145137881 0.00362844702467344 0.00362844702467344 0.0413642960812772 0.00362844702467344
0.00686813186813187 0.756868131868132 0.00686813186813187 0.00686813186813187 0.00686813186813187 0.00686813186813187 0.00686813186813187 0.00686813186813187 0.00686813186813187 0.00686813186813187 0.00686813186813187 0.00686813186813187 0.00686813186813187 0.00686813186813187 0.00686813186813187 0.00686813186813187 0.00686813186813187 0.0425824175824176 0.00686813186813187 0.00686813186813187 0.00686813186813187 0.0425824175824176 0.00686813186813187 0.00686813186813187 0.00686813186813187 0.00686813186813187
0.00447227191413238 0.00447227191413238 0.00447227191413238 0.00447227191413238 0.00447227191413238 0.00447227191413238 0.00447227191413238 0.00447227191413238 0.0277280858676208 0.00447227191413238 0.00447227191413238 0.516100178890877 0.00447227191413238 0.00447227191413238 0.00447227191413238 0.0277280858676208 0.00447227191413238 0.00447227191413238 0.00447227191413238 0.00447227191413238 0.00447227191413238 0.00447227191413238 0.0277280858676208 0.00447227191413238 0.306797853309481 0.00447227191413238
0.0114644970414201 0.0691568047337278 0.0306952662721893 0.0114644970414201 0.0018491124260355 0.0114644970414201 0.0018491124260355 0.0018491124260355 0.0018491124260355 0.0018491124260355 0.126849112426035 0.0114644970414201 0.0114644970414201 0.588387573964497 0.0018491124260355 0.088387573964497 0.0018491124260355 0.0114644970414201 0.0018491124260355 0.0018491124260355 0.0018491124260355 0.0018491124260355 0.0018491124260355 0.0018491124260355 0.0018491124260355 0.0018491124260355
0.00493096646942801 0.00493096646942801 0.00493096646942801 0.00493096646942801 0.00493096646942801 0.00493096646942801 0.00493096646942801 0.825443786982249 0.00493096646942801 0.00493096646942801 0.00493096646942801 0.00493096646942801 0.00493096646942801 0.00493096646942801 0.00493096646942801 0.00493096646942801 0.00493096646942801 0.00493096646942801 0.0305719921104536 0.00493096646942801 0.00493096646942801 0.00493096646942801 0.00493096646942801 0.0305719921104536 0.00493096646942801 0.00493096646942801
0.00480769230769231 0.0298076923076923 0.0798076923076923 0.454807692307692 0.00480769230769231 0.00480769230769231 0.0548076923076923 0.00480769230769231 0.00480769230769231 0.00480769230769231 0.0298076923076923 0.00480769230769231 0.00480769230769231 0.104807692307692 0.00480769230769231 0.00480769230769231 0.00480769230769231 0.00480769230769231 0.00480769230769231 0.00480769230769231 0.00480769230769231 0.104807692307692 0.00480769230769231 0.00480769230769231 0.0298076923076923 0.0298076923076923
0.909288824383164 0.00362844702467344 0.00362844702467344 0.00362844702467344 0.00362844702467344 0.00362844702467344 0.00362844702467344 0.00362844702467344 0.00362844702467344 0.00362844702467344 0.00362844702467344 0.00362844702467344 0.00362844702467344 0.00362844702467344 0.00362844702467344 0.00362844702467344 0.00362844702467344 0.00362844702467344 0.00362844702467344 0.00362844702467344 0.00362844702467344 0.00362844702467344 0.00362844702467344 0.00362844702467344 0.00362844702467344 0.00362844702467344
0.0377984084880637 0.00331564986737401 0.00331564986737401 0.00331564986737401 0.00331564986737401 0.00331564986737401 0.00331564986737401 0.0377984084880637 0.106763925729443 0.00331564986737401 0.468832891246684 0.00331564986737401 0.00331564986737401 0.210212201591512 0.0205570291777188 0.00331564986737401 0.0205570291777188 0.0205570291777188 0.00331564986737401 0.00331564986737401 0.00331564986737401 0.00331564986737401 0.00331564986737401 0.00331564986737401 0.0205570291777188 0.00331564986737401
0.0264957264957265 0.00427350427350427 0.00427350427350427 0.00427350427350427 0.00427350427350427 0.00427350427350427 0.737606837606838 0.00427350427350427 0.00427350427350427 0.00427350427350427 0.00427350427350427 0.00427350427350427 0.00427350427350427 0.0264957264957265 0.00427350427350427 0.0264957264957265 0.00427350427350427 0.00427350427350427 0.0709401709401709 0.00427350427350427 0.00427350427350427 0.00427350427350427 0.00427350427350427 0.0264957264957265 0.00427350427350427 0.00427350427350427
0.00291375291375291 0.00291375291375291 0.0180652680652681 0.00291375291375291 0.00291375291375291 0.00291375291375291 0.0483682983682984 0.0786713286713287 0.00291375291375291 0.00291375291375291 0.0635198135198135 0.0180652680652681 0.00291375291375291 0.00291375291375291 0.23018648018648 0.487762237762238 0.00291375291375291 0.00291375291375291 0.00291375291375291 0.00291375291375291 0.00291375291375291 0.00291375291375291 0.00291375291375291 0.00291375291375291 0.00291375291375291 0.00291375291375291
0.0755968169761273 0.00663129973474801 0.00663129973474801 0.00663129973474801 0.00663129973474801 0.00663129973474801 0.00663129973474801 0.00663129973474801 0.00663129973474801 0.00663129973474801 0.00663129973474801 0.00663129973474801 0.00663129973474801 0.385941644562334 0.00663129973474801 0.00663129973474801 0.0755968169761273 0.00663129973474801 0.00663129973474801 0.00663129973474801 0.00663129973474801 0.282493368700265 0.00663129973474801 0.0411140583554377 0.00663129973474801 0.00663129973474801
0.00267094017094017 0.00267094017094017 0.00267094017094017 0.00267094017094017 0.00267094017094017 0.030448717948718 0.00267094017094017 0.00267094017094017 0.00267094017094017 0.00267094017094017 0.00267094017094017 0.00267094017094017 0.00267094017094017 0.00267094017094017 0.00267094017094017 0.00267094017094017 0.00267094017094017 0.00267094017094017 0.00267094017094017 0.905448717948718 0.00267094017094017 0.00267094017094017 0.00267094017094017 0.00267094017094017 0.00267094017094017 0.00267094017094017
0.00641025641025641 0.00641025641025641 0.00641025641025641 0.00641025641025641 0.606410256410256 0.00641025641025641 0.0730769230769231 0.0730769230769231 0.00641025641025641 0.00641025641025641 0.00641025641025641 0.0397435897435897 0.00641025641025641 0.00641025641025641 0.00641025641025641 0.00641025641025641 0.00641025641025641 0.00641025641025641 0.00641025641025641 0.00641025641025641 0.00641025641025641 0.0397435897435897 0.00641025641025641 0.0397435897435897 0.00641025641025641 0.00641025641025641
0.00300480769230769 0.00300480769230769 0.0967548076923077 0.0967548076923077 0.00300480769230769 0.00300480769230769 0.00300480769230769 0.00300480769230769 0.00300480769230769 0.00300480769230769 0.331129807692308 0.00300480769230769 0.00300480769230769 0.362379807692308 0.0186298076923077 0.00300480769230769 0.00300480769230769 0.00300480769230769 0.00300480769230769 0.00300480769230769 0.00300480769230769 0.00300480769230769 0.00300480769230769 0.00300480769230769 0.0342548076923077 0.00300480769230769
0.00183150183150183 0.00183150183150183 0.0113553113553114 0.154212454212454 0.00183150183150183 0.0399267399267399 0.00183150183150183 0.00183150183150183 0.00183150183150183 0.258974358974359 0.135164835164835 0.00183150183150183 0.0208791208791209 0.00183150183150183 0.23040293040293 0.0304029304029304 0.00183150183150183 0.00183150183150183 0.0304029304029304 0.0208791208791209 0.00183150183150183 0.00183150183150183 0.00183150183150183 0.0304029304029304 0.00183150183150183 0.0113553113553114
0.00493096646942801 0.00493096646942801 0.0562130177514793 0.00493096646942801 0.00493096646942801 0.00493096646942801 0.00493096646942801 0.00493096646942801 0.0562130177514793 0.00493096646942801 0.00493096646942801 0.0305719921104536 0.00493096646942801 0.00493096646942801 0.0305719921104536 0.00493096646942801 0.00493096646942801 0.00493096646942801 0.00493096646942801 0.00493096646942801 0.00493096646942801 0.0562130177514793 0.645956607495069 0.00493096646942801 0.0305719921104536 0.00493096646942801
0.00600961538461538 0.162259615384615 0.00600961538461538 0.00600961538461538 0.00600961538461538 0.00600961538461538 0.00600961538461538 0.0372596153846154 0.224759615384615 0.0997596153846154 0.00600961538461538 0.00600961538461538 0.00600961538461538 0.0372596153846154 0.00600961538461538 0.00600961538461538 0.00600961538461538 0.00600961538461538 0.131009615384615 0.0372596153846154 0.00600961538461538 0.00600961538461538 0.00600961538461538 0.00600961538461538 0.0997596153846154 0.0685096153846154
0.0331196581196581 0.00534188034188034 0.00534188034188034 0.0331196581196581 0.00534188034188034 0.00534188034188034 0.00534188034188034 0.00534188034188034 0.00534188034188034 0.00534188034188034 0.00534188034188034 0.00534188034188034 0.00534188034188034 0.00534188034188034 0.00534188034188034 0.00534188034188034 0.00534188034188034 0.00534188034188034 0.00534188034188034 0.00534188034188034 0.810897435897436 0.00534188034188034 0.00534188034188034 0.00534188034188034 0.00534188034188034 0.00534188034188034
0.00582750582750583 0.00582750582750583 0.00582750582750583 0.00582750582750583 0.00582750582750583 0.0361305361305361 0.00582750582750583 0.00582750582750583 0.0361305361305361 0.00582750582750583 0.0664335664335664 0.00582750582750583 0.00582750582750583 0.00582750582750583 0.369463869463869 0.00582750582750583 0.0361305361305361 0.278554778554779 0.00582750582750583 0.0361305361305361 0.00582750582750583 0.00582750582750583 0.00582750582750583 0.00582750582750583 0.0361305361305361 0.00582750582750583
0.00418060200668896 0.00418060200668896 0.00418060200668896 0.00418060200668896 0.808528428093646 0.00418060200668896 0.0693979933110368 0.00418060200668896 0.0259197324414716 0.00418060200668896 0.00418060200668896 0.00418060200668896 0.00418060200668896 0.00418060200668896 0.00418060200668896 0.00418060200668896 0.00418060200668896 0.00418060200668896 0.00418060200668896 0.00418060200668896 0.00418060200668896 0.00418060200668896 0.00418060200668896 0.00418060200668896 0.00418060200668896 0.00418060200668896
0.00400641025641026 0.712339743589744 0.00400641025641026 0.0248397435897436 0.00400641025641026 0.00400641025641026 0.00400641025641026 0.00400641025641026 0.00400641025641026 0.00400641025641026 0.00400641025641026 0.00400641025641026 0.00400641025641026 0.00400641025641026 0.00400641025641026 0.00400641025641026 0.00400641025641026 0.00400641025641026 0.00400641025641026 0.00400641025641026 0.00400641025641026 0.170673076923077 0.00400641025641026 0.00400641025641026 0.00400641025641026 0.00400641025641026
0.0034965034965035 0.0034965034965035 0.0034965034965035 0.0762237762237762 0.63986013986014 0.0034965034965035 0.0034965034965035 0.0034965034965035 0.0034965034965035 0.0762237762237762 0.0762237762237762 0.0034965034965035 0.0034965034965035 0.0216783216783217 0.0034965034965035 0.0034965034965035 0.0034965034965035 0.0034965034965035 0.0034965034965035 0.0216783216783217 0.0034965034965035 0.0034965034965035 0.0216783216783217 0.0034965034965035 0.0034965034965035 0.0034965034965035
0.0996503496503497 0.00874125874125874 0.00874125874125874 0.00874125874125874 0.00874125874125874 0.0541958041958042 0.00874125874125874 0.00874125874125874 0.0541958041958042 0.00874125874125874 0.00874125874125874 0.00874125874125874 0.00874125874125874 0.0996503496503497 0.00874125874125874 0.00874125874125874 0.00874125874125874 0.00874125874125874 0.0996503496503497 0.00874125874125874 0.00874125874125874 0.372377622377622 0.00874125874125874 0.0541958041958042 0.00874125874125874 0.00874125874125874
0.00196232339089482 0.00196232339089482 0.00196232339089482 0.440737833594976 0.00196232339089482 0.00196232339089482 0.00196232339089482 0.00196232339089482 0.0121664050235479 0.00196232339089482 0.216248037676609 0.0121664050235479 0.00196232339089482 0.00196232339089482 0.0121664050235479 0.00196232339089482 0.00196232339089482 0.00196232339089482 0.0427786499215071 0.00196232339089482 0.226452119309262 0.00196232339089482 0.00196232339089482 0.00196232339089482 0.00196232339089482 0.00196232339089482
0.0322245322245322 0.0051975051975052 0.0051975051975052 0.0592515592515593 0.0051975051975052 0.0322245322245322 0.5997920997921 0.0051975051975052 0.0051975051975052 0.0051975051975052 0.0051975051975052 0.0051975051975052 0.0051975051975052 0.0051975051975052 0.0051975051975052 0.0051975051975052 0.0051975051975052 0.0051975051975052 0.0051975051975052 0.0051975051975052 0.0051975051975052 0.0051975051975052 0.0322245322245322 0.0322245322245322 0.113305613305613 0.0051975051975052
0.012043512043512 0.00194250194250194 0.0625485625485625 0.00194250194250194 0.0423465423465424 0.00194250194250194 0.0221445221445221 0.0221445221445221 0.00194250194250194 0.00194250194250194 0.0221445221445221 0.00194250194250194 0.012043512043512 0.00194250194250194 0.012043512043512 0.00194250194250194 0.00194250194250194 0.00194250194250194 0.00194250194250194 0.00194250194250194 0.143356643356643 0.00194250194250194 0.618104118104118 0.00194250194250194 0.00194250194250194 0.00194250194250194
0.00223613595706619 0.00223613595706619 0.00223613595706619 0.00223613595706619 0.00223613595706619 0.00223613595706619 0.0138640429338104 0.00223613595706619 0.00223613595706619 0.00223613595706619 0.153398926654741 0.00223613595706619 0.00223613595706619 0.00223613595706619 0.00223613595706619 0.0487477638640429 0.00223613595706619 0.00223613595706619 0.0138640429338104 0.0138640429338104 0.00223613595706619 0.223166368515206 0.00223613595706619 0.00223613595706619 0.490608228980322 0.00223613595706619
0.0034965034965035 0.0034965034965035 0.0034965034965035 0.0216783216783217 0.0034965034965035 0.0034965034965035 0.0034965034965035 0.0034965034965035 0.0216783216783217 0.0034965034965035 0.112587412587413 0.0034965034965035 0.0216783216783217 0.0944055944055944 0.530769230769231 0.0034965034965035 0.0034965034965035 0.0034965034965035 0.0034965034965035 0.0034965034965035 0.0034965034965035 0.0034965034965035 0.0034965034965035 0.0034965034965035 0.130769230769231 0.0034965034965035
0.00493096646942801 0.799802761341223 0.00493096646942801 0.00493096646942801 0.00493096646942801 0.00493096646942801 0.00493096646942801 0.00493096646942801 0.00493096646942801 0.00493096646942801 0.00493096646942801 0.00493096646942801 0.00493096646942801 0.0818540433925049 0.00493096646942801 0.00493096646942801 0.00493096646942801 0.00493096646942801 0.00493096646942801 0.00493096646942801 0.00493096646942801 0.00493096646942801 0.00493096646942801 0.00493096646942801 0.00493096646942801 0.00493096646942801
0.0298076923076923 0.554807692307692 0.00480769230769231 0.00480769230769231 0.0298076923076923 0.0298076923076923 0.00480769230769231 0.00480769230769231 0.00480769230769231 0.0548076923076923 0.00480769230769231 0.00480769230769231 0.00480769230769231 0.00480769230769231 0.00480769230769231 0.00480769230769231 0.0548076923076923 0.00480769230769231 0.00480769230769231 0.00480769230769231 0.129807692307692 0.00480769230769231 0.0298076923076923 0.00480769230769231 0.00480769230769231 0.00480769230769231
0.00300480769230769 0.00300480769230769 0.00300480769230769 0.00300480769230769 0.00300480769230769 0.831129807692308 0.00300480769230769 0.00300480769230769 0.00300480769230769 0.00300480769230769 0.00300480769230769 0.00300480769230769 0.0342548076923077 0.00300480769230769 0.00300480769230769 0.00300480769230769 0.00300480769230769 0.00300480769230769 0.00300480769230769 0.00300480769230769 0.00300480769230769 0.00300480769230769 0.00300480769230769 0.00300480769230769 0.0655048076923077 0.00300480769230769
