eta: 0.010000
gamma: 1.000000
alpha: 1.000000
size_vocab: 7522
num_topics: 101
