GISC 1
625.5025 549.8079 532.5934 513.2281 520.8559 521.0740 520.9640 524.6113 536.6807
562.5994 473.5868 453.0341 432.1885 438.5864 433.1078 432.8400 435.8400 446.4361
-1043565 -1016157 -1008839 -1001054 -1003489 -1001416 -1001313 -1002448 -1006405

GISC 2
542.7446 532.9885 536.8979 557.1040 554.8633 555.3268 562.6159
449.5826 438.4929 442.6559 459.8005 456.0764 453.5965 459.5199
-1007578 -1003460 -1005014 -1011289 -1009944 -1009047 -1011187

COR
572.9180 567.7564 575.0256 503.5634 472.6548
462.6503 456.1990 453.9049 328.3312 248.9896
-1012309.5 -1009989.3 -1009148.7  -955691.5  -910096.7

TOTAL
cats:
cats <- c(5, 10, 14, 18, 22, 26, 30, 34, 38, 42, 46, 50, 60, 70, 80, 90, 100, 110, 120, 150, 200)

PERPLEXITY-TEST:
resp <- c(625.5025, 549.8079, 532.5934, 513.2281, 520.8559, 521.0740, 520.9640, 524.6113, 536.6807, 542.7446, 532.9885, 536.8979, 557.1040, 554.8633, 555.3268, 562.6159, 572.9180, 567.7564, 575.0256, 503.5634, 472.6548)

PERPLEXITY-TRAIN:
resp2 <- c(562.5994, 473.5868, 453.0341, 432.1885, 438.5864, 433.1078, 432.8400, 435.8400, 446.4361, 449.5826, 438.4929, 442.6559, 459.8005, 456.0764, 453.5965, 459.5199, 462.6503, 456.1990, 453.9049, 328.3312, 248.9896)

LOG-LIKE:
loglik <- c(-1043565, -1016157, -1008839, -1001054, -1003489, -1001416, -1001313, -1002448, -1006405, -1007578, -1003460, -1005014, -1011289, -1009944, -1009047, -1011187, -1012309.5, -1009989.3, -1009148.7,  -955691.5,  -910096.7)