0.00641025641025641 0.00641025641025641 0.00641025641025641 0.00641025641025641 0.00641025641025641 0.00641025641025641 0.00641025641025641 0.00641025641025641 0.00641025641025641 0.00641025641025641 0.00641025641025641 0.00641025641025641 0.00641025641025641 0.00641025641025641 0.00641025641025641 0.0397435897435897 0.106410256410256 0.13974358974359 0.00641025641025641 0.00641025641025641 0.0730769230769231 0.00641025641025641 0.43974358974359 0.00641025641025641 0.0730769230769231 0.00641025641025641
0.119230769230769 0.219230769230769 0.0192307692307692 0.0192307692307692 0.119230769230769 0.119230769230769 0.0192307692307692 0.0192307692307692 0.0192307692307692 0.0192307692307692 0.0192307692307692 0.0192307692307692 0.0192307692307692 0.0192307692307692 0.0192307692307692 0.0192307692307692 0.0192307692307692 0.0192307692307692 0.0192307692307692 0.0192307692307692 0.0192307692307692 0.0192307692307692 0.0192307692307692 0.0192307692307692 0.0192307692307692 0.0192307692307692
0.016025641025641 0.016025641025641 0.016025641025641 0.016025641025641 0.016025641025641 0.016025641025641 0.016025641025641 0.016025641025641 0.016025641025641 0.016025641025641 0.0993589743589744 0.349358974358974 0.016025641025641 0.016025641025641 0.016025641025641 0.016025641025641 0.016025641025641 0.016025641025641 0.016025641025641 0.016025641025641 0.016025641025641 0.016025641025641 0.016025641025641 0.182692307692308 0.016025641025641 0.016025641025641
0.0213675213675214 0.0213675213675214 0.0213675213675214 0.0213675213675214 0.0213675213675214 0.0213675213675214 0.0213675213675214 0.0213675213675214 0.0213675213675214 0.0213675213675214 0.0213675213675214 0.0213675213675214 0.0213675213675214 0.0213675213675214 0.132478632478632 0.243589743589744 0.0213675213675214 0.132478632478632 0.0213675213675214 0.0213675213675214 0.0213675213675214 0.0213675213675214 0.0213675213675214 0.0213675213675214 0.0213675213675214 0.0213675213675214
0.0128205128205128 0.47948717948718 0.0128205128205128 0.0128205128205128 0.0794871794871795 0.0128205128205128 0.0128205128205128 0.0128205128205128 0.0128205128205128 0.0128205128205128 0.0128205128205128 0.0128205128205128 0.0128205128205128 0.0128205128205128 0.0128205128205128 0.0128205128205128 0.0128205128205128 0.0128205128205128 0.0128205128205128 0.0794871794871795 0.0128205128205128 0.0128205128205128 0.0128205128205128 0.0128205128205128 0.0128205128205128 0.0794871794871795
0.00506072874493927 0.00506072874493927 0.00506072874493927 0.0313765182186235 0.00506072874493927 0.00506072874493927 0.0313765182186235 0.531376518218624 0.00506072874493927 0.0313765182186235 0.00506072874493927 0.00506072874493927 0.0576923076923077 0.00506072874493927 0.0313765182186235 0.00506072874493927 0.0313765182186235 0.00506072874493927 0.0313765182186235 0.00506072874493927 0.00506072874493927 0.00506072874493927 0.00506072874493927 0.13663967611336 0.00506072874493927 0.00506072874493927
0.0192307692307692 0.219230769230769 0.0192307692307692 0.0192307692307692 0.0192307692307692 0.119230769230769 0.0192307692307692 0.0192307692307692 0.0192307692307692 0.0192307692307692 0.0192307692307692 0.0192307692307692 0.0192307692307692 0.0192307692307692 0.0192307692307692 0.0192307692307692 0.0192307692307692 0.0192307692307692 0.0192307692307692 0.0192307692307692 0.0192307692307692 0.0192307692307692 0.0192307692307692 0.219230769230769 0.0192307692307692 0.0192307692307692
0.273076923076923 0.00641025641025641 0.00641025641025641 0.00641025641025641 0.00641025641025641 0.00641025641025641 0.00641025641025641 0.00641025641025641 0.00641025641025641 0.00641025641025641 0.00641025641025641 0.00641025641025641 0.00641025641025641 0.0397435897435897 0.00641025641025641 0.00641025641025641 0.00641025641025641 0.00641025641025641 0.00641025641025641 0.00641025641025641 0.506410256410256 0.00641025641025641 0.0397435897435897 0.00641025641025641 0.00641025641025641 0.00641025641025641
0.0192307692307692 0.0192307692307692 0.0192307692307692 0.0192307692307692 0.0192307692307692 0.0192307692307692 0.0192307692307692 0.0192307692307692 0.0192307692307692 0.119230769230769 0.0192307692307692 0.0192307692307692 0.0192307692307692 0.0192307692307692 0.0192307692307692 0.0192307692307692 0.319230769230769 0.0192307692307692 0.119230769230769 0.0192307692307692 0.0192307692307692 0.0192307692307692 0.0192307692307692 0.0192307692307692 0.0192307692307692 0.0192307692307692
0.00343406593406593 0.00343406593406593 0.00343406593406593 0.00343406593406593 0.0212912087912088 0.00343406593406593 0.00343406593406593 0.00343406593406593 0.00343406593406593 0.878434065934066 0.00343406593406593 0.00343406593406593 0.00343406593406593 0.00343406593406593 0.00343406593406593 0.00343406593406593 0.00343406593406593 0.00343406593406593 0.00343406593406593 0.0212912087912088 0.00343406593406593 0.00343406593406593 0.00343406593406593 0.00343406593406593 0.00343406593406593 0.00343406593406593
0.00427350427350427 0.00427350427350427 0.00427350427350427 0.00427350427350427 0.00427350427350427 0.00427350427350427 0.00427350427350427 0.00427350427350427 0.00427350427350427 0.00427350427350427 0.00427350427350427 0.00427350427350427 0.0264957264957265 0.00427350427350427 0.00427350427350427 0.00427350427350427 0.00427350427350427 0.00427350427350427 0.626495726495726 0.204273504273504 0.00427350427350427 0.0264957264957265 0.00427350427350427 0.00427350427350427 0.0264957264957265 0.00427350427350427
0.0701357466063348 0.423076923076923 0.0113122171945701 0.0113122171945701 0.187782805429864 0.0113122171945701 0.0113122171945701 0.0113122171945701 0.0113122171945701 0.0113122171945701 0.0113122171945701 0.0113122171945701 0.0113122171945701 0.0113122171945701 0.0113122171945701 0.0113122171945701 0.0113122171945701 0.0113122171945701 0.0113122171945701 0.0113122171945701 0.0113122171945701 0.0113122171945701 0.0113122171945701 0.0113122171945701 0.0113122171945701 0.0701357466063348
0.00600961538461538 0.00600961538461538 0.00600961538461538 0.00600961538461538 0.00600961538461538 0.00600961538461538 0.00600961538461538 0.00600961538461538 0.00600961538461538 0.00600961538461538 0.0997596153846154 0.00600961538461538 0.00600961538461538 0.00600961538461538 0.00600961538461538 0.00600961538461538 0.756009615384615 0.00600961538461538 0.00600961538461538 0.00600961538461538 0.00600961538461538 0.00600961538461538 0.00600961538461538 0.00600961538461538 0.00600961538461538 0.00600961538461538
0.0240384615384615 0.0240384615384615 0.0240384615384615 0.0240384615384615 0.149038461538462 0.0240384615384615 0.0240384615384615 0.0240384615384615 0.0240384615384615 0.0240384615384615 0.0240384615384615 0.0240384615384615 0.0240384615384615 0.0240384615384615 0.0240384615384615 0.0240384615384615 0.149038461538462 0.0240384615384615 0.0240384615384615 0.0240384615384615 0.0240384615384615 0.0240384615384615 0.0240384615384615 0.149038461538462 0.0240384615384615 0.0240384615384615
0.0120192307692308 0.449519230769231 0.0120192307692308 0.0120192307692308 0.0120192307692308 0.0120192307692308 0.0120192307692308 0.0120192307692308 0.0120192307692308 0.0120192307692308 0.0120192307692308 0.0120192307692308 0.0120192307692308 0.0120192307692308 0.0120192307692308 0.0120192307692308 0.0120192307692308 0.0120192307692308 0.0120192307692308 0.0120192307692308 0.0745192307692308 0.0120192307692308 0.199519230769231 0.0120192307692308 0.0120192307692308 0.0120192307692308
0.17032967032967 0.0274725274725275 0.0274725274725275 0.0274725274725275 0.0274725274725275 0.0274725274725275 0.0274725274725275 0.0274725274725275 0.0274725274725275 0.0274725274725275 0.0274725274725275 0.0274725274725275 0.0274725274725275 0.0274725274725275 0.0274725274725275 0.0274725274725275 0.0274725274725275 0.0274725274725275 0.0274725274725275 0.0274725274725275 0.0274725274725275 0.0274725274725275 0.17032967032967 0.0274725274725275 0.0274725274725275 0.0274725274725275
0.0106837606837607 0.0106837606837607 0.0106837606837607 0.0106837606837607 0.0106837606837607 0.0106837606837607 0.0106837606837607 0.0106837606837607 0.0106837606837607 0.0106837606837607 0.0106837606837607 0.0106837606837607 0.232905982905983 0.0106837606837607 0.0106837606837607 0.39957264957265 0.0106837606837607 0.0106837606837607 0.121794871794872 0.0106837606837607 0.0106837606837607 0.0106837606837607 0.0106837606837607 0.0106837606837607 0.0106837606837607 0.0106837606837607
0.0384615384615385 0.0384615384615385 0.00620347394540943 0.65136476426799 0.00620347394540943 0.00620347394540943 0.00620347394540943 0.00620347394540943 0.00620347394540943 0.00620347394540943 0.00620347394540943 0.0384615384615385 0.00620347394540943 0.00620347394540943 0.00620347394540943 0.0384615384615385 0.0384615384615385 0.00620347394540943 0.00620347394540943 0.00620347394540943 0.00620347394540943 0.0384615384615385 0.00620347394540943 0.00620347394540943 0.00620347394540943 0.00620347394540943
0.0106837606837607 0.0106837606837607 0.0106837606837607 0.0106837606837607 0.0106837606837607 0.0106837606837607 0.0106837606837607 0.0106837606837607 0.0106837606837607 0.0106837606837607 0.0106837606837607 0.0106837606837607 0.0106837606837607 0.0106837606837607 0.0106837606837607 0.732905982905983 0.0106837606837607 0.0106837606837607 0.0106837606837607 0.0106837606837607 0.0106837606837607 0.0106837606837607 0.0106837606837607 0.0106837606837607 0.0106837606837607 0.0106837606837607
0.0662393162393162 0.0106837606837607 0.0106837606837607 0.0106837606837607 0.0662393162393162 0.0106837606837607 0.0106837606837607 0.0106837606837607 0.0106837606837607 0.177350427350427 0.0106837606837607 0.288461538461538 0.0106837606837607 0.0106837606837607 0.0106837606837607 0.0106837606837607 0.0662393162393162 0.0106837606837607 0.0106837606837607 0.0106837606837607 0.121794871794872 0.0106837606837607 0.0106837606837607 0.0106837606837607 0.0106837606837607 0.0106837606837607
0.014792899408284 0.0917159763313609 0.0917159763313609 0.014792899408284 0.014792899408284 0.014792899408284 0.014792899408284 0.0917159763313609 0.014792899408284 0.014792899408284 0.014792899408284 0.014792899408284 0.014792899408284 0.014792899408284 0.014792899408284 0.014792899408284 0.014792899408284 0.014792899408284 0.014792899408284 0.014792899408284 0.014792899408284 0.014792899408284 0.014792899408284 0.014792899408284 0.014792899408284 0.399408284023669
0.0192307692307692 0.0192307692307692 0.0192307692307692 0.0192307692307692 0.0192307692307692 0.419230769230769 0.0192307692307692 0.0192307692307692 0.0192307692307692 0.0192307692307692 0.0192307692307692 0.0192307692307692 0.0192307692307692 0.0192307692307692 0.0192307692307692 0.0192307692307692 0.0192307692307692 0.0192307692307692 0.0192307692307692 0.0192307692307692 0.0192307692307692 0.0192307692307692 0.0192307692307692 0.0192307692307692 0.0192307692307692 0.119230769230769
0.014792899408284 0.014792899408284 0.014792899408284 0.014792899408284 0.014792899408284 0.014792899408284 0.014792899408284 0.630177514792899 0.014792899408284 0.014792899408284 0.014792899408284 0.014792899408284 0.014792899408284 0.014792899408284 0.014792899408284 0.014792899408284 0.014792899408284 0.014792899408284 0.014792899408284 0.014792899408284 0.014792899408284 0.014792899408284 0.014792899408284 0.014792899408284 0.014792899408284 0.014792899408284
0.0257918552036199 0.0610859728506787 0.00226244343891403 0.014027149321267 0.202262443438914 0.00226244343891403 0.0846153846153846 0.00226244343891403 0.00226244343891403 0.00226244343891403 0.202262443438914 0.00226244343891403 0.014027149321267 0.00226244343891403 0.00226244343891403 0.0963800904977375 0.00226244343891403 0.131674208144796 0.00226244343891403 0.00226244343891403 0.00226244343891403 0.014027149321267 0.00226244343891403 0.00226244343891403 0.00226244343891403 0.119909502262443
0.00310173697270471 0.00310173697270471 0.00310173697270471 0.422456575682382 0.00310173697270471 0.00310173697270471 0.00310173697270471 0.00310173697270471 0.00310173697270471 0.0192307692307692 0.00310173697270471 0.0514888337468983 0.00310173697270471 0.0837468982630273 0.00310173697270471 0.00310173697270471 0.00310173697270471 0.00310173697270471 0.00310173697270471 0.0192307692307692 0.00310173697270471 0.00310173697270471 0.00310173697270471 0.00310173697270471 0.34181141439206 0.00310173697270471
0.00686813186813187 0.00686813186813187 0.00686813186813187 0.00686813186813187 0.00686813186813187 0.00686813186813187 0.00686813186813187 0.792582417582418 0.00686813186813187 0.00686813186813187 0.00686813186813187 0.00686813186813187 0.00686813186813187 0.00686813186813187 0.00686813186813187 0.00686813186813187 0.00686813186813187 0.00686813186813187 0.00686813186813187 0.00686813186813187 0.00686813186813187 0.0425824175824176 0.00686813186813187 0.00686813186813187 0.00686813186813187 0.00686813186813187
0.162259615384615 0.0372596153846154 0.00600961538461538 0.00600961538461538 0.00600961538461538 0.0372596153846154 0.00600961538461538 0.0685096153846154 0.0372596153846154 0.0372596153846154 0.00600961538461538 0.0372596153846154 0.00600961538461538 0.00600961538461538 0.00600961538461538 0.00600961538461538 0.00600961538461538 0.00600961538461538 0.00600961538461538 0.00600961538461538 0.00600961538461538 0.00600961538461538 0.00600961538461538 0.00600961538461538 0.00600961538461538 0.474759615384615
0.0174825174825175 0.0174825174825175 0.0174825174825175 0.0174825174825175 0.108391608391608 0.0174825174825175 0.108391608391608 0.0174825174825175 0.108391608391608 0.0174825174825175 0.0174825174825175 0.0174825174825175 0.0174825174825175 0.0174825174825175 0.0174825174825175 0.108391608391608 0.0174825174825175 0.0174825174825175 0.0174825174825175 0.0174825174825175 0.0174825174825175 0.199300699300699 0.0174825174825175 0.0174825174825175 0.0174825174825175 0.0174825174825175
0.0113122171945701 0.0113122171945701 0.0113122171945701 0.0113122171945701 0.0113122171945701 0.0113122171945701 0.0113122171945701 0.0113122171945701 0.0113122171945701 0.0113122171945701 0.0113122171945701 0.0113122171945701 0.0113122171945701 0.0113122171945701 0.0113122171945701 0.0113122171945701 0.0113122171945701 0.0113122171945701 0.0113122171945701 0.0113122171945701 0.0113122171945701 0.1289592760181 0.0113122171945701 0.599547511312217 0.0113122171945701 0.0113122171945701
0.016025641025641 0.182692307692308 0.016025641025641 0.016025641025641 0.016025641025641 0.016025641025641 0.016025641025641 0.0993589743589744 0.016025641025641 0.016025641025641 0.016025641025641 0.0993589743589744 0.016025641025641 0.016025641025641 0.0993589743589744 0.016025641025641 0.0993589743589744 0.016025641025641 0.016025641025641 0.0993589743589744 0.016025641025641 0.016025641025641 0.016025641025641 0.016025641025641 0.016025641025641 0.016025641025641
0.00739644970414201 0.199704142011834 0.122781065088757 0.0458579881656805 0.00739644970414201 0.00739644970414201 0.00739644970414201 0.00739644970414201 0.00739644970414201 0.00739644970414201 0.00739644970414201 0.00739644970414201 0.00739644970414201 0.00739644970414201 0.161242603550296 0.00739644970414201 0.00739644970414201 0.0458579881656805 0.00739644970414201 0.00739644970414201 0.00739644970414201 0.00739644970414201 0.00739644970414201 0.00739644970414201 0.00739644970414201 0.276627218934911
0.00506072874493927 0.00506072874493927 0.00506072874493927 0.00506072874493927 0.00506072874493927 0.00506072874493927 0.13663967611336 0.189271255060729 0.00506072874493927 0.00506072874493927 0.215587044534413 0.00506072874493927 0.00506072874493927 0.00506072874493927 0.00506072874493927 0.00506072874493927 0.00506072874493927 0.00506072874493927 0.0313765182186235 0.00506072874493927 0.00506072874493927 0.00506072874493927 0.268218623481781 0.00506072874493927 0.0576923076923077 0.00506072874493927
0.0274725274725275 0.0274725274725275 0.0274725274725275 0.0274725274725275 0.0274725274725275 0.0274725274725275 0.0274725274725275 0.0274725274725275 0.0274725274725275 0.0274725274725275 0.0274725274725275 0.0274725274725275 0.0274725274725275 0.17032967032967 0.0274725274725275 0.0274725274725275 0.0274725274725275 0.0274725274725275 0.0274725274725275 0.0274725274725275 0.0274725274725275 0.0274725274725275 0.0274725274725275 0.17032967032967 0.0274725274725275 0.0274725274725275
0.014792899408284 0.014792899408284 0.014792899408284 0.168639053254438 0.014792899408284 0.014792899408284 0.014792899408284 0.014792899408284 0.476331360946746 0.014792899408284 0.014792899408284 0.014792899408284 0.014792899408284 0.014792899408284 0.014792899408284 0.014792899408284 0.014792899408284 0.014792899408284 0.014792899408284 0.014792899408284 0.014792899408284 0.014792899408284 0.014792899408284 0.014792899408284 0.014792899408284 0.014792899408284
0.00769230769230769 0.00769230769230769 0.0476923076923077 0.00769230769230769 0.00769230769230769 0.00769230769230769 0.287692307692308 0.00769230769230769 0.0476923076923077 0.00769230769230769 0.00769230769230769 0.127692307692308 0.0476923076923077 0.00769230769230769 0.00769230769230769 0.00769230769230769 0.00769230769230769 0.207692307692308 0.00769230769230769 0.00769230769230769 0.00769230769230769 0.00769230769230769 0.00769230769230769 0.00769230769230769 0.00769230769230769 0.0876923076923077
0.00362844702467344 0.00362844702467344 0.0602322206095791 0.116835994194485 0.00362844702467344 0.192307692307692 0.00362844702467344 0.00362844702467344 0.00362844702467344 0.00362844702467344 0.0979680696661829 0.00362844702467344 0.00362844702467344 0.0224963715529753 0.0979680696661829 0.00362844702467344 0.00362844702467344 0.0224963715529753 0.2677793904209 0.00362844702467344 0.00362844702467344 0.00362844702467344 0.00362844702467344 0.0602322206095791 0.00362844702467344 0.00362844702467344
0.0397435897435897 0.00641025641025641 0.00641025641025641 0.00641025641025641 0.00641025641025641 0.00641025641025641 0.00641025641025641 0.00641025641025641 0.00641025641025641 0.00641025641025641 0.0397435897435897 0.00641025641025641 0.00641025641025641 0.00641025641025641 0.00641025641025641 0.00641025641025641 0.00641025641025641 0.00641025641025641 0.00641025641025641 0.00641025641025641 0.00641025641025641 0.00641025641025641 0.00641025641025641 0.73974358974359 0.00641025641025641 0.0397435897435897
0.0174825174825175 0.0174825174825175 0.0174825174825175 0.0174825174825175 0.0174825174825175 0.0174825174825175 0.199300699300699 0.0174825174825175 0.108391608391608 0.0174825174825175 0.0174825174825175 0.0174825174825175 0.199300699300699 0.0174825174825175 0.0174825174825175 0.0174825174825175 0.0174825174825175 0.0174825174825175 0.0174825174825175 0.0174825174825175 0.108391608391608 0.0174825174825175 0.0174825174825175 0.0174825174825175 0.0174825174825175 0.0174825174825175
0.00263435194942044 0.0437302423603793 0.00263435194942044 0.372497365648051 0.00263435194942044 0.00263435194942044 0.00263435194942044 0.00263435194942044 0.030031612223393 0.0163329820864067 0.00263435194942044 0.0163329820864067 0.00263435194942044 0.0163329820864067 0.0163329820864067 0.00263435194942044 0.00263435194942044 0.00263435194942044 0.00263435194942044 0.00263435194942044 0.0163329820864067 0.0574288724973656 0.00263435194942044 0.00263435194942044 0.372497365648051 0.00263435194942044
0.149725274725275 0.114010989010989 0.0425824175824176 0.00686813186813187 0.00686813186813187 0.00686813186813187 0.00686813186813187 0.0425824175824176 0.0782967032967033 0.00686813186813187 0.0425824175824176 0.00686813186813187 0.00686813186813187 0.364010989010989 0.00686813186813187 0.00686813186813187 0.00686813186813187 0.00686813186813187 0.00686813186813187 0.0425824175824176 0.00686813186813187 0.00686813186813187 0.00686813186813187 0.00686813186813187 0.00686813186813187 0.00686813186813187
0.00469043151969981 0.00469043151969981 0.00469043151969981 0.00469043151969981 0.00469043151969981 0.00469043151969981 0.858348968105066 0.00469043151969981 0.00469043151969981 0.00469043151969981 0.00469043151969981 0.00469043151969981 0.00469043151969981 0.00469043151969981 0.00469043151969981 0.00469043151969981 0.00469043151969981 0.00469043151969981 0.00469043151969981 0.00469043151969981 0.00469043151969981 0.00469043151969981 0.0290806754221388 0.00469043151969981 0.00469043151969981 0.00469043151969981
0.258012820512821 0.0496794871794872 0.00801282051282051 0.00801282051282051 0.00801282051282051 0.00801282051282051 0.00801282051282051 0.00801282051282051 0.00801282051282051 0.00801282051282051 0.00801282051282051 0.00801282051282051 0.00801282051282051 0.00801282051282051 0.00801282051282051 0.00801282051282051 0.00801282051282051 0.00801282051282051 0.00801282051282051 0.00801282051282051 0.50801282051282 0.00801282051282051 0.00801282051282051 0.00801282051282051 0.00801282051282051 0.00801282051282051
0.00337381916329285 0.00337381916329285 0.00337381916329285 0.00337381916329285 0.00337381916329285 0.00337381916329285 0.00337381916329285 0.00337381916329285 0.00337381916329285 0.898110661268556 0.00337381916329285 0.0209176788124157 0.00337381916329285 0.00337381916329285 0.00337381916329285 0.00337381916329285 0.00337381916329285 0.00337381916329285 0.00337381916329285 0.00337381916329285 0.00337381916329285 0.00337381916329285 0.00337381916329285 0.00337381916329285 0.00337381916329285 0.00337381916329285
0.0213675213675214 0.0213675213675214 0.0213675213675214 0.0213675213675214 0.0213675213675214 0.0213675213675214 0.0213675213675214 0.243589743589744 0.0213675213675214 0.0213675213675214 0.0213675213675214 0.0213675213675214 0.0213675213675214 0.0213675213675214 0.0213675213675214 0.243589743589744 0.0213675213675214 0.0213675213675214 0.0213675213675214 0.0213675213675214 0.0213675213675214 0.0213675213675214 0.0213675213675214 0.0213675213675214 0.0213675213675214 0.0213675213675214
0.016025641025641 0.016025641025641 0.016025641025641 0.016025641025641 0.016025641025641 0.016025641025641 0.016025641025641 0.016025641025641 0.016025641025641 0.016025641025641 0.016025641025641 0.016025641025641 0.016025641025641 0.266025641025641 0.016025641025641 0.016025641025641 0.016025641025641 0.016025641025641 0.016025641025641 0.016025641025641 0.016025641025641 0.016025641025641 0.349358974358974 0.016025641025641 0.016025641025641 0.016025641025641
0.00874125874125874 0.00874125874125874 0.00874125874125874 0.417832167832168 0.00874125874125874 0.00874125874125874 0.0541958041958042 0.00874125874125874 0.00874125874125874 0.00874125874125874 0.00874125874125874 0.00874125874125874 0.00874125874125874 0.00874125874125874 0.236013986013986 0.00874125874125874 0.00874125874125874 0.00874125874125874 0.0541958041958042 0.00874125874125874 0.00874125874125874 0.00874125874125874 0.00874125874125874 0.00874125874125874 0.00874125874125874 0.0541958041958042
0.016025641025641 0.016025641025641 0.016025641025641 0.016025641025641 0.016025641025641 0.016025641025641 0.0993589743589744 0.349358974358974 0.016025641025641 0.016025641025641 0.016025641025641 0.016025641025641 0.016025641025641 0.016025641025641 0.016025641025641 0.016025641025641 0.016025641025641 0.016025641025641 0.016025641025641 0.182692307692308 0.016025641025641 0.016025641025641 0.016025641025641 0.016025641025641 0.016025641025641 0.016025641025641
0.182692307692308 0.016025641025641 0.016025641025641 0.016025641025641 0.016025641025641 0.016025641025641 0.016025641025641 0.349358974358974 0.016025641025641 0.016025641025641 0.0993589743589744 0.016025641025641 0.016025641025641 0.016025641025641 0.016025641025641 0.016025641025641 0.016025641025641 0.016025641025641 0.016025641025641 0.016025641025641 0.016025641025641 0.016025641025641 0.016025641025641 0.016025641025641 0.016025641025641 0.016025641025641
0.0174825174825175 0.0174825174825175 0.0174825174825175 0.0174825174825175 0.0174825174825175 0.0174825174825175 0.0174825174825175 0.0174825174825175 0.0174825174825175 0.0174825174825175 0.0174825174825175 0.0174825174825175 0.0174825174825175 0.0174825174825175 0.0174825174825175 0.0174825174825175 0.0174825174825175 0.0174825174825175 0.0174825174825175 0.0174825174825175 0.0174825174825175 0.0174825174825175 0.0174825174825175 0.562937062937063 0.0174825174825175 0.0174825174825175
0.0128205128205128 0.0128205128205128 0.0128205128205128 0.0128205128205128 0.0128205128205128 0.0128205128205128 0.0128205128205128 0.0128205128205128 0.0128205128205128 0.0128205128205128 0.0128205128205128 0.0128205128205128 0.0128205128205128 0.0128205128205128 0.0128205128205128 0.0128205128205128 0.0794871794871795 0.0128205128205128 0.0128205128205128 0.612820512820513 0.0128205128205128 0.0128205128205128 0.0128205128205128 0.0128205128205128 0.0128205128205128 0.0128205128205128
0.0113122171945701 0.0113122171945701 0.0113122171945701 0.0113122171945701 0.0113122171945701 0.0701357466063348 0.0113122171945701 0.0113122171945701 0.1289592760181 0.0113122171945701 0.0701357466063348 0.0113122171945701 0.0113122171945701 0.0113122171945701 0.0113122171945701 0.0113122171945701 0.0113122171945701 0.0113122171945701 0.0113122171945701 0.0113122171945701 0.364253393665158 0.0113122171945701 0.0701357466063348 0.0113122171945701 0.0701357466063348 0.0113122171945701
0.617056856187291 0.0518394648829431 0.0953177257525084 0.00836120401337793 0.00836120401337793 0.00836120401337793 0.00836120401337793 0.00836120401337793 0.00836120401337793 0.00836120401337793 0.00836120401337793 0.00836120401337793 0.00836120401337793 0.00836120401337793 0.00836120401337793 0.0518394648829431 0.00836120401337793 0.00836120401337793 0.00836120401337793 0.00836120401337793 0.00836120401337793 0.00836120401337793 0.00836120401337793 0.00836120401337793 0.00836120401337793 0.00836120401337793
0.0745192307692308 0.199519230769231 0.0120192307692308 0.0120192307692308 0.0745192307692308 0.0120192307692308 0.0120192307692308 0.0120192307692308 0.0120192307692308 0.0120192307692308 0.0120192307692308 0.0120192307692308 0.0745192307692308 0.0120192307692308 0.0120192307692308 0.0120192307692308 0.0120192307692308 0.0120192307692308 0.0120192307692308 0.0120192307692308 0.0745192307692308 0.262019230769231 0.0120192307692308 0.0120192307692308 0.0120192307692308 0.0120192307692308
0.0128205128205128 0.0128205128205128 0.0128205128205128 0.612820512820513 0.0128205128205128 0.0128205128205128 0.0128205128205128 0.0128205128205128 0.0128205128205128 0.0128205128205128 0.0128205128205128 0.0128205128205128 0.0128205128205128 0.0128205128205128 0.0128205128205128 0.0128205128205128 0.0128205128205128 0.0128205128205128 0.0128205128205128 0.0794871794871795 0.0128205128205128 0.0128205128205128 0.0128205128205128 0.0128205128205128 0.0128205128205128 0.0128205128205128
0.0274725274725275 0.0274725274725275 0.0274725274725275 0.0274725274725275 0.0274725274725275 0.0274725274725275 0.0274725274725275 0.0274725274725275 0.0274725274725275 0.0274725274725275 0.0274725274725275 0.0274725274725275 0.313186813186813 0.0274725274725275 0.0274725274725275 0.0274725274725275 0.0274725274725275 0.0274725274725275 0.0274725274725275 0.0274725274725275 0.0274725274725275 0.0274725274725275 0.0274725274725275 0.0274725274725275 0.0274725274725275 0.0274725274725275
0.0120192307692308 0.0120192307692308 0.0120192307692308 0.0120192307692308 0.0120192307692308 0.0120192307692308 0.0120192307692308 0.0120192307692308 0.0120192307692308 0.0120192307692308 0.0120192307692308 0.0120192307692308 0.0745192307692308 0.0120192307692308 0.0120192307692308 0.137019230769231 0.0120192307692308 0.0120192307692308 0.0745192307692308 0.387019230769231 0.0745192307692308 0.0120192307692308 0.0120192307692308 0.0120192307692308 0.0120192307692308 0.0120192307692308
0.145104895104895 0.145104895104895 0.00874125874125874 0.00874125874125874 0.00874125874125874 0.00874125874125874 0.00874125874125874 0.00874125874125874 0.0541958041958042 0.00874125874125874 0.00874125874125874 0.0541958041958042 0.281468531468531 0.0541958041958042 0.00874125874125874 0.00874125874125874 0.00874125874125874 0.00874125874125874 0.00874125874125874 0.0996503496503497 0.00874125874125874 0.00874125874125874 0.00874125874125874 0.00874125874125874 0.00874125874125874 0.00874125874125874
0.0128205128205128 0.212820512820513 0.0128205128205128 0.0128205128205128 0.0128205128205128 0.0128205128205128 0.0128205128205128 0.0794871794871795 0.0128205128205128 0.0128205128205128 0.0128205128205128 0.0128205128205128 0.0128205128205128 0.0128205128205128 0.0128205128205128 0.0128205128205128 0.0128205128205128 0.0128205128205128 0.0128205128205128 0.0128205128205128 0.0794871794871795 0.0128205128205128 0.346153846153846 0.0128205128205128 0.0128205128205128 0.0128205128205128
0.0391483516483517 0.00343406593406593 0.00343406593406593 0.00343406593406593 0.00343406593406593 0.00343406593406593 0.00343406593406593 0.00343406593406593 0.00343406593406593 0.878434065934066 0.00343406593406593 0.00343406593406593 0.00343406593406593 0.00343406593406593 0.00343406593406593 0.00343406593406593 0.00343406593406593 0.00343406593406593 0.00343406593406593 0.00343406593406593 0.00343406593406593 0.00343406593406593 0.00343406593406593 0.00343406593406593 0.00343406593406593 0.00343406593406593
0.00739644970414201 0.00739644970414201 0.00739644970414201 0.00739644970414201 0.00739644970414201 0.00739644970414201 0.00739644970414201 0.00739644970414201 0.00739644970414201 0.00739644970414201 0.0458579881656805 0.00739644970414201 0.00739644970414201 0.00739644970414201 0.0458579881656805 0.00739644970414201 0.00739644970414201 0.00739644970414201 0.00739644970414201 0.0458579881656805 0.00739644970414201 0.00739644970414201 0.122781065088757 0.00739644970414201 0.00739644970414201 0.584319526627219
0.0034965034965035 0.0034965034965035 0.0034965034965035 0.0034965034965035 0.0034965034965035 0.0034965034965035 0.0034965034965035 0.0034965034965035 0.167132867132867 0.0034965034965035 0.0762237762237762 0.0034965034965035 0.0034965034965035 0.0034965034965035 0.0034965034965035 0.0034965034965035 0.0034965034965035 0.0034965034965035 0.0034965034965035 0.0216783216783217 0.0762237762237762 0.0762237762237762 0.0034965034965035 0.0762237762237762 0.43986013986014 0.0034965034965035
0.0128205128205128 0.0128205128205128 0.0128205128205128 0.0128205128205128 0.0128205128205128 0.0794871794871795 0.0128205128205128 0.0794871794871795 0.146153846153846 0.0128205128205128 0.0128205128205128 0.0794871794871795 0.0794871794871795 0.0128205128205128 0.0128205128205128 0.0794871794871795 0.0128205128205128 0.0128205128205128 0.0128205128205128 0.0128205128205128 0.0128205128205128 0.146153846153846 0.0128205128205128 0.0128205128205128 0.0794871794871795 0.0128205128205128
0.0101214574898785 0.0101214574898785 0.0101214574898785 0.0101214574898785 0.483805668016194 0.0101214574898785 0.0101214574898785 0.0101214574898785 0.0101214574898785 0.062753036437247 0.0101214574898785 0.0101214574898785 0.0101214574898785 0.168016194331984 0.0101214574898785 0.062753036437247 0.0101214574898785 0.0101214574898785 0.0101214574898785 0.0101214574898785 0.0101214574898785 0.0101214574898785 0.0101214574898785 0.0101214574898785 0.0101214574898785 0.0101214574898785
0.0320512820512821 0.0320512820512821 0.0320512820512821 0.0320512820512821 0.198717948717949 0.0320512820512821 0.0320512820512821 0.0320512820512821 0.0320512820512821 0.0320512820512821 0.0320512820512821 0.0320512820512821 0.0320512820512821 0.0320512820512821 0.0320512820512821 0.0320512820512821 0.0320512820512821 0.0320512820512821 0.0320512820512821 0.0320512820512821 0.0320512820512821 0.0320512820512821 0.0320512820512821 0.0320512820512821 0.0320512820512821 0.0320512820512821
0.0101214574898785 0.0101214574898785 0.0101214574898785 0.0101214574898785 0.0101214574898785 0.062753036437247 0.0101214574898785 0.0101214574898785 0.6417004048583 0.0101214574898785 0.0101214574898785 0.0101214574898785 0.0101214574898785 0.0101214574898785 0.0101214574898785 0.0101214574898785 0.0101214574898785 0.0101214574898785 0.0101214574898785 0.0101214574898785 0.062753036437247 0.0101214574898785 0.0101214574898785 0.0101214574898785 0.0101214574898785 0.0101214574898785
0.00712250712250712 0.00712250712250712 0.00712250712250712 0.00712250712250712 0.00712250712250712 0.00712250712250712 0.0811965811965812 0.414529914529915 0.00712250712250712 0.00712250712250712 0.00712250712250712 0.00712250712250712 0.0441595441595442 0.00712250712250712 0.00712250712250712 0.00712250712250712 0.0441595441595442 0.00712250712250712 0.00712250712250712 0.00712250712250712 0.00712250712250712 0.00712250712250712 0.00712250712250712 0.00712250712250712 0.266381766381766 0.00712250712250712
0.00582750582750583 0.00582750582750583 0.00582750582750583 0.00582750582750583 0.00582750582750583 0.00582750582750583 0.00582750582750583 0.0361305361305361 0.00582750582750583 0.0967365967365967 0.00582750582750583 0.00582750582750583 0.00582750582750583 0.00582750582750583 0.00582750582750583 0.00582750582750583 0.00582750582750583 0.00582750582750583 0.0361305361305361 0.00582750582750583 0.00582750582750583 0.00582750582750583 0.00582750582750583 0.00582750582750583 0.00582750582750583 0.702797202797203
0.0113122171945701 0.364253393665158 0.0113122171945701 0.0113122171945701 0.0113122171945701 0.0113122171945701 0.0113122171945701 0.0113122171945701 0.0113122171945701 0.0113122171945701 0.0701357466063348 0.0113122171945701 0.0113122171945701 0.0113122171945701 0.0113122171945701 0.0113122171945701 0.0113122171945701 0.0113122171945701 0.0113122171945701 0.0113122171945701 0.0113122171945701 0.0113122171945701 0.0113122171945701 0.305429864253394 0.0113122171945701 0.0113122171945701
0.0120192307692308 0.0120192307692308 0.0120192307692308 0.0120192307692308 0.0120192307692308 0.0745192307692308 0.0120192307692308 0.0120192307692308 0.0120192307692308 0.0120192307692308 0.0120192307692308 0.0120192307692308 0.0120192307692308 0.0120192307692308 0.0120192307692308 0.0120192307692308 0.0120192307692308 0.0120192307692308 0.0120192307692308 0.0120192307692308 0.0120192307692308 0.0120192307692308 0.137019230769231 0.0120192307692308 0.0120192307692308 0.512019230769231
0.168639053254438 0.014792899408284 0.014792899408284 0.322485207100592 0.014792899408284 0.014792899408284 0.014792899408284 0.014792899408284 0.014792899408284 0.014792899408284 0.014792899408284 0.014792899408284 0.014792899408284 0.014792899408284 0.014792899408284 0.014792899408284 0.014792899408284 0.014792899408284 0.014792899408284 0.014792899408284 0.168639053254438 0.014792899408284 0.014792899408284 0.014792899408284 0.014792899408284 0.014792899408284
0.0106837606837607 0.121794871794872 0.0106837606837607 0.0106837606837607 0.0106837606837607 0.0106837606837607 0.0106837606837607 0.121794871794872 0.0662393162393162 0.0106837606837607 0.0106837606837607 0.0106837606837607 0.0106837606837607 0.0106837606837607 0.0106837606837607 0.0106837606837607 0.0106837606837607 0.0106837606837607 0.0106837606837607 0.0106837606837607 0.0106837606837607 0.455128205128205 0.0106837606837607 0.0106837606837607 0.0106837606837607 0.0106837606837607
0.00582750582750583 0.00582750582750583 0.00582750582750583 0.00582750582750583 0.00582750582750583 0.00582750582750583 0.00582750582750583 0.00582750582750583 0.00582750582750583 0.00582750582750583 0.00582750582750583 0.00582750582750583 0.248251748251748 0.00582750582750583 0.308857808857809 0.00582750582750583 0.00582750582750583 0.00582750582750583 0.278554778554779 0.0361305361305361 0.00582750582750583 0.00582750582750583 0.00582750582750583 0.00582750582750583 0.00582750582750583 0.00582750582750583
0.00270855904658722 0.0731310942578548 0.00270855904658722 0.00270855904658722 0.242145178764897 0.00270855904658722 0.0590465872156013 0.00270855904658722 0.00270855904658722 0.00270855904658722 0.00270855904658722 0.00270855904658722 0.00270855904658722 0.00270855904658722 0.00270855904658722 0.00270855904658722 0.143553629469122 0.425243770314193 0.00270855904658722 0.00270855904658722 0.00270855904658722 0.00270855904658722 0.00270855904658722 0.00270855904658722 0.00270855904658722 0.00270855904658722
0.00641025641025641 0.23974358974359 0.206410256410256 0.00641025641025641 0.00641025641025641 0.00641025641025641 0.00641025641025641 0.00641025641025641 0.106410256410256 0.00641025641025641 0.00641025641025641 0.00641025641025641 0.0730769230769231 0.106410256410256 0.00641025641025641 0.00641025641025641 0.00641025641025641 0.00641025641025641 0.00641025641025641 0.106410256410256 0.00641025641025641 0.0397435897435897 0.00641025641025641 0.00641025641025641 0.00641025641025641 0.00641025641025641
0.00384615384615385 0.00384615384615385 0.0238461538461538 0.00384615384615385 0.00384615384615385 0.00384615384615385 0.00384615384615385 0.363846153846154 0.123846153846154 0.00384615384615385 0.0238461538461538 0.00384615384615385 0.00384615384615385 0.00384615384615385 0.0438461538461538 0.00384615384615385 0.00384615384615385 0.00384615384615385 0.00384615384615385 0.00384615384615385 0.00384615384615385 0.00384615384615385 0.143846153846154 0.00384615384615385 0.203846153846154 0.00384615384615385
0.0240384615384615 0.0240384615384615 0.0240384615384615 0.0240384615384615 0.149038461538462 0.274038461538462 0.0240384615384615 0.0240384615384615 0.0240384615384615 0.0240384615384615 0.0240384615384615 0.0240384615384615 0.0240384615384615 0.0240384615384615 0.0240384615384615 0.0240384615384615 0.0240384615384615 0.0240384615384615 0.0240384615384615 0.0240384615384615 0.0240384615384615 0.0240384615384615 0.0240384615384615 0.0240384615384615 0.0240384615384615 0.0240384615384615
0.0274725274725275 0.0274725274725275 0.0274725274725275 0.0274725274725275 0.0274725274725275 0.0274725274725275 0.0274725274725275 0.0274725274725275 0.0274725274725275 0.0274725274725275 0.0274725274725275 0.0274725274725275 0.0274725274725275 0.0274725274725275 0.0274725274725275 0.0274725274725275 0.0274725274725275 0.0274725274725275 0.0274725274725275 0.0274725274725275 0.0274725274725275 0.0274725274725275 0.0274725274725275 0.313186813186813 0.0274725274725275 0.0274725274725275
0.0120192307692308 0.0120192307692308 0.0120192307692308 0.0120192307692308 0.0120192307692308 0.0120192307692308 0.0120192307692308 0.0120192307692308 0.0120192307692308 0.0745192307692308 0.0120192307692308 0.574519230769231 0.0120192307692308 0.0120192307692308 0.0120192307692308 0.0120192307692308 0.0120192307692308 0.0120192307692308 0.0120192307692308 0.0120192307692308 0.0120192307692308 0.0120192307692308 0.0745192307692308 0.0120192307692308 0.0120192307692308 0.0120192307692308
0.0137362637362637 0.0137362637362637 0.0137362637362637 0.0137362637362637 0.0137362637362637 0.0137362637362637 0.0137362637362637 0.0137362637362637 0.0137362637362637 0.0137362637362637 0.0137362637362637 0.0851648351648352 0.0137362637362637 0.585164835164835 0.0137362637362637 0.0137362637362637 0.0137362637362637 0.0137362637362637 0.0137362637362637 0.0137362637362637 0.0137362637362637 0.0137362637362637 0.0137362637362637 0.0137362637362637 0.0137362637362637 0.0137362637362637
0.00437062937062937 0.00437062937062937 0.0270979020979021 0.208916083916084 0.00437062937062937 0.00437062937062937 0.00437062937062937 0.00437062937062937 0.00437062937062937 0.0498251748251748 0.00437062937062937 0.0270979020979021 0.0270979020979021 0.00437062937062937 0.00437062937062937 0.00437062937062937 0.00437062937062937 0.00437062937062937 0.527097902097902 0.00437062937062937 0.00437062937062937 0.0270979020979021 0.00437062937062937 0.00437062937062937 0.0270979020979021 0.00437062937062937
