eta: 0.010000
gamma: 1.000000
alpha: 1.000000
size_vocab: 3462
num_topics: 86
