0.00297860023170376 0.00297859570579706 0.00297859659698932 0.0707407253322182 0.0029786243149288 0.00297859103627663 0.00297868893106402 0.350233076952159 0.00297867598966802 0.00297860926609658 0.0029785978810935 0.00297859103634768 0.00297868643419621 0.0029785911822396 0.00297863853492883 0.00297859103627663 0.00297862285641797 0.432271184736719 0.00297869246292299 0.0812252921756687 0.00297863641867173 0.00297862381070489 0.00297864348950173 0.00297862743577303 0.00297859367999478 0.00297860247164107
0.0113706343484787 0.0113706343484787 0.0113706343484787 0.0113706343484787 0.0113706343796229 0.0113706343484787 0.0113709007830407 0.0113706343484787 0.0113706343484788 0.0113706343484787 0.0113706374580876 0.24267624183835 0.0113706343484787 0.0113706343484787 0.0113706343484787 0.0113706343484787 0.0113706343484787 0.0113706343484787 0.0113706343484787 0.484428130999811 0.0113706343484787 0.0113707106624205 0.0113706343484787 0.0113706904391685 0.0113706343484787 0.0113706351668821
0.00887132809138717 0.00887128798910409 0.0088713617968301 0.00887121562945818 0.00887121170360761 0.00887121133719121 0.00887121133717709 0.00887122332650935 0.0088712113371765 0.00887124086491905 0.426930411003821 0.360159691798769 0.0088712113371765 0.00887128112832677 0.00887123058180677 0.0088713869071618 0.00887121479913315 0.00887123357798168 0.00887126574470411 0.00887121254941888 0.00887126030097043 0.0088712113371765 0.00887121260498217 0.00887121134095428 0.0088712113371765 0.00887125023707929
0.0132351736430848 0.0132350984153895 0.199811444444894 0.0132350984153921 0.0132355157921282 0.0132350984153895 0.318472123283211 0.013235229322408 0.0132350984153895 0.0132350984153895 0.0132351607431817 0.0132350984153895 0.177307459110089 0.0132351905428534 0.0132350984153895 0.0132351345709196 0.0132352626850173 0.0132353765152648 0.0132352593296787 0.0132350984161939 0.0132352815854588 0.0132350985827107 0.0132350984153895 0.0132350984153895 0.0132351381187293 0.01323516757567
0.00667151559799469 0.145119098227108 0.0066714859982032 0.00667153534998656 0.00667149540368391 0.00667148428265545 0.00667163071003524 0.00667151316627848 0.194764262410513 0.0933923060333536 0.00667152922459891 0.00667148428273646 0.00667156938434496 0.00667150163827005 0.00667157183662376 0.00667154540430775 0.00667155903444561 0.00667148428265545 0.00667155520346485 0.419950891207362 0.00667148428315286 0.0066715049705063 0.00667148428265631 0.00667153921970633 0.00667148428265545 0.00667148428270104
0.00229987098430896 0.0022997417399013 0.00229970009626476 0.00229974950579352 0.00229972658293056 0.00229968323431236 0.00229976742920054 0.00229972393225123 0.00229975315870947 0.00229972878948757 0.00229968295297653 0.179462517712314 0.00229974484916605 0.00229973801372446 0.00229968665636801 0.00229968295251121 0.0993317496995212 0.00229973566873185 0.0725141853762937 0.00229968295251121 0.00229968592008583 0.00229970693980909 0.0022997471126451 0.00229974090502646 0.598097567017111 0.00229969981804394
0.0113706516066522 0.0113706343484787 0.011370652991172 0.0113706425623578 0.0113706613137684 0.0113706343484787 0.0113706343487275 0.0113706343621941 0.0113706343484787 0.0113706343484787 0.0113706343484787 0.29311603718947 0.0113706343484787 0.0113706343484787 0.011370866788416 0.0113706343484939 0.0113706343484787 0.0113706343484787 0.0113706737934664 0.293115646753178 0.0113706817406608 0.0113707191717773 0.0113706343484787 0.15224325084792 0.0113706343484787 0.0113706343484787
0.00297859812996163 0.00297859684827818 0.00297859706074001 0.00297859908339784 0.002978594548181 0.00297859785148099 0.00297859103630952 0.00297859831220816 0.00297859889679318 0.00297859328330519 0.00297860116016148 0.0029785940429001 0.00297859633123431 0.0029785990370269 0.370293311885119 0.00297861772173697 0.00297859154472041 0.0029785988651525 0.174542266896373 0.00297864419701773 0.0841005473657417 0.00297859389132455 0.00297859189162786 0.00297859103683146 0.00297861411506088 0.305534674967316
0.0113707901669302 0.0113715383676083 0.157819282160949 0.0113706457972714 0.0113706424390903 0.0113706343484787 0.0113706343484791 0.0113706376557503 0.0113706343484787 0.0113709618865392 0.011370639505785 0.0113706598054153 0.0113706343484787 0.0113707142515712 0.0113706343484787 0.0113706343484788 0.0113706420543357 0.0113706343484813 0.0113706398527462 0.0113706801694043 0.0113714267081813 0.569283103559964 0.0113706466756965 0.0113706343484787 0.0113706398061295 0.0113706343487999
0.00152011592641464 0.0015201163398519 0.0015201262704393 0.00152011422446421 0.00152011629420068 0.0015201092249258 0.00152011809555459 0.00152011392292775 0.00152011588118212 0.961997088310731 0.00152013941710569 0.00152011029922809 0.00152011582408902 0.00152011287847043 0.00152011683680471 0.00152012060487484 0.00152011223114951 0.00152011257648518 0.00152012504381167 0.00152012226406844 0.00152011884282208 0.00152011128535126 0.0015201102731525 0.00152011327361561 0.00152010954543442 0.00152011431284492
0.00191732096557399 0.674308578340666 0.00191730778534142 0.279675925990753 0.00191731726007158 0.00191730397366282 0.00191730168816882 0.00191733035062502 0.00191730021711131 0.00191731653949967 0.00191732789063558 0.00191730756756035 0.00191730360444325 0.0019173248195532 0.0019173033615455 0.00191731914599611 0.00191730908719533 0.00191730307024456 0.00191732130018972 0.00191730155216543 0.00191730416021743 0.0019173025078996 0.00191732742818689 0.00191730365442008 0.00191732061834993 0.00191731711992305
0.00572508873859273 0.00572511702406712 0.00572509750859783 0.00572509302790637 0.00572512656208797 0.00572511211251031 0.209777792724298 0.00572511842241607 0.00572518065341987 0.00572509818345806 0.00572508190342454 0.00572508098582801 0.103824056539477 0.00572508713291912 0.08962228497627 0.00572511535703517 0.005725094029002 0.00572509617619056 0.00572513380232796 0.470823515862773 0.00572508698446996 0.00572514985053596 0.0057250895700392 0.00572513230774281 0.0057250882693925 0.00572508129521727
0.00277386753392091 0.00277387370028936 0.00277387960337931 0.00277387578143356 0.00277389807107155 0.0384374196138096 0.00277388290613642 0.00277388153152965 0.00277386836373333 0.002773868446639 0.00277386710344366 0.00277391395402217 0.00277387537205683 0.00277387031757038 0.00277386979934246 0.00277387219528708 0.00277387355086442 0.0027738684625205 0.0027738744474618 0.00277387009024547 0.00277387208250279 0.89498951094119 0.00277388515855634 0.00277390458608152 0.00277387690280166 0.0027738794841104
0.0158309926851412 0.0158309245668914 0.0158309245668911 0.0158309245668911 0.0158309245668911 0.0158309245668911 0.0158315601126501 0.0158309245668911 0.0158309245668911 0.0158309245668911 0.0158309433052211 0.408093953359796 0.0158309245668911 0.0158309641583688 0.0158309826495156 0.0158309245668911 0.0158309245668911 0.0158309245668911 0.0158309245668911 0.0158309245668911 0.0158309245668911 0.211962911653835 0.0158310498714323 0.0158309245668911 0.0158309245668911 0.0158309245668911
0.00616224832337783 0.00616229090083895 0.00616224416012963 0.00616216074999022 0.00616216516586994 0.00616215652893422 0.0061621565289552 0.0061621972352377 0.00616215652888428 0.365533490399484 0.006162390633616 0.222478498653105 0.00616215652888428 0.00616222797148712 0.00616227159692694 0.00616252955607042 0.00616216828128997 0.00616236587591769 0.00616229301703581 0.270256683601044 0.00616218729187667 0.00616215652888428 0.00616216407332352 0.00616215654170857 0.00616216061647983 0.00616232271064789
0.0196935269557137 0.0196934376198439 0.0196934376198439 0.0196934376198439 0.0196934376198439 0.0196934376198439 0.0196934376198439 0.0196934376199459 0.0196934376198439 0.0196935764133843 0.0196934376198439 0.0196934376198439 0.0196934376198439 0.0196934376198439 0.0196939890626042 0.0196934376198439 0.0196934376198439 0.263678748561772 0.0196934376198439 0.263677968989703 0.0196934376198439 0.0196934376198439 0.0196934376198439 0.0196934376198439 0.0196934376198439 0.0196934376198439
0.00534599482353537 0.00534599491780662 0.00534597495138822 0.00534591615420576 0.0732318077196859 0.00534590157673281 0.138246771662829 0.00534590817999806 0.0053459276766345 0.00534592572030255 0.00534605139392025 0.00534590157673281 0.00534591558450963 0.410279099244407 0.00534590157673281 0.00534601313517691 0.00534590157678623 0.00534602907348194 0.00534593023989885 0.0053459392128794 0.00534592134971478 0.260631603363771 0.00534595617123222 0.00534590157673281 0.00534590605935919 0.00534590548154557
0.00287259826416878 0.00287263169021991 0.593726280086139 0.0028725892908921 0.00287259122907847 0.0028725861017874 0.132842835738253 0.00287259583405488 0.00287262031197975 0.00287263672404117 0.00287261490209476 0.00287258688900162 0.00287262155620678 0.00287261834311073 0.00287259967574458 0.00287260817318481 0.00287259758263992 0.00287258610197656 0.00287259519030764 0.002872762539858 0.149126083328479 0.0611073970062813 0.00287259616646883 0.00287258826179587 0.00287258919373077 0.00287258981850429
0.00534595026864982 0.220996733652688 0.00534608450628207 0.00534590911809656 0.00534597307425559 0.00534596883376967 0.505337749740319 0.00534592121296718 0.00534592777727362 0.150708770375347 0.00534602262587341 0.00534590157694959 0.00534590474160692 0.0053459472051062 0.00534596992417918 0.00534606717592711 0.00534590780254909 0.0053459199244835 0.00534592060191533 0.00534594524876325 0.0053459171521481 0.00534595150886567 0.00534590425500508 0.00534590157673856 0.00534592113001845 0.00534590899022202
0.00534596543536843 0.0860119361101796 0.00534601906946522 0.00534594135956865 0.00534599941686426 0.00534590157674841 0.00534611703364055 0.00534597591784527 0.310335325735665 0.00534599213963977 0.00534600959737985 0.00534593863000832 0.00534603223339118 0.00534594509171022 0.0770809370283546 0.00534607127942903 0.00534591153825865 0.00534592516349395 0.204819775555083 0.00534608289437527 0.209486590697407 0.00534590734890252 0.00534590280699502 0.0053459169206136 0.00534590157674012 0.0053459778428723
0.00799278306170722 0.00799275245774405 0.00799278551695666 0.00799275245797584 0.00799280496817874 0.00799275245773905 0.00799313631553636 0.00799276229566612 0.355426806883953 0.00799276191846077 0.00799278476346359 0.0079927524577875 0.155531642810758 0.00799276490956089 0.00799287418000638 0.00799275245773905 0.206182203348416 0.00799275245773905 0.00799279002637463 0.107015991509825 0.00799283650267409 0.00799276482979532 0.00799275245773905 0.00799278531077235 0.00799470118566569 0.00799275245776631
0.0113706343484787 0.0113706343484873 0.0113706343484787 0.0113706343484789 0.0113706466046371 0.0113706343484787 0.220802935260737 0.0113706527847318 0.0113708399940495 0.0113706521217862 0.0113706343484787 0.0113706343485697 0.0113707734477695 0.0113706343484787 0.0113706343484787 0.0113706343484787 0.0113706347955009 0.0113706343484788 0.011370704927477 0.0113706343484787 0.0113706343484787 0.0113706575911748 0.0113706343484787 0.506301352896325 0.0113706343484787 0.01137063434853
0.00799276304640041 0.00799287720796989 0.00799281349016932 0.00799275245876455 0.165222041789816 0.00799286020588656 0.00799284754707716 0.0079927637372182 0.00799275245773905 0.00799275245773958 0.00799275303813674 0.00799275245808665 0.111211310762432 0.00799277249609904 0.00799281572025101 0.00799287143724487 0.00799275245773905 0.00799278187751945 0.00799275246795566 0.00799282248416146 0.00799275245773905 0.00799287402494425 0.00799275646697434 0.00799275245774827 0.539732502140755 0.00799275285343257
0.000983192922461278 0.000983161154475418 0.0403885796641187 0.000983179553650257 0.000983191118263207 0.000983160961338836 0.172707468422503 0.0763123718240799 0.119898187740865 0.000983157240237395 0.000983156928296671 0.0985820313926699 0.000983177969060265 0.00098316906525924 0.0390376897671986 0.000983156700596232 0.142400456235794 0.0992130661109069 0.000983161004311093 0.0204392370862285 0.000983155490653488 0.137210690539958 0.000983179059660836 0.0218046496068224 0.000983181416786434 0.0182411910238033
0.00136578864501329 0.00136580230974112 0.326739419606662 0.27170026419146 0.0220955339029076 0.0569835542640701 0.0013657881064488 0.163039042754508 0.00136578079831844 0.00136582998589368 0.132126293627683 0.0013657816259267 0.00136578161195455 0.00136578579015593 0.00136580451349404 0.00136579397438525 0.0013658217972279 0.00136579167486641 0.00136579503326832 0.00136578177866468 0.00136581800679982 0.00136579695716636 0.00136578893838543 0.00136578895089478 0.00136578247451332 0.00136578867959084
0.00321594213622053 0.00321594214356987 0.0032159428921203 0.0032159437564029 0.050725036849091 0.0032159421362204 0.00321595781700935 0.00321596043519355 0.00321594496104973 0.0032159421362204 0.00321594478139956 0.00321594338987355 0.0032159421362204 0.00321594637995193 0.0032159421362204 0.0032159421362204 0.00321594648279494 0.00321595257277964 0.00321595822235606 0.0032159421362204 0.00321594802319094 0.00321596826583323 0.00321595202472812 0.00321595468247019 0.872092217793525 0.00321594357311768
0.00277396431537331 0.00277386707847947 0.00277396633097297 0.0027738764363337 0.0298769832020534 0.00277386707847915 0.00277392990308254 0.00277398900405425 0.571585444733348 0.00277397800640287 0.00277388585705182 0.00277390329632759 0.118182499390763 0.00277389656253366 0.0923650008046723 0.00277386707847913 0.0789604279955038 0.0027739667560077 0.00277386987461383 0.053551183528465 0.00277391420516833 0.00277394094980953 0.00277410320461305 0.00277389918318108 0.0027739081457494 0.00277386707848137
0.00996666221706935 0.00996661094147771 0.00996661094147136 0.00996671336275527 0.251155793822006 0.00996661094147136 0.3750241114618 0.00996691200415933 0.00996673454241948 0.00996662418838867 0.00996661094147136 0.00996675619347176 0.00996669869258679 0.00996661094476022 0.00996661094147136 0.00996661094147705 0.00996663396967103 0.00996687377395004 0.0099666635454231 0.00996661094147136 0.00996703446550168 0.00996671713524688 0.144586158742186 0.00996665694254745 0.00996672077983658 0.00996664662590866
0.00572508098264775 0.00572508604751811 0.00572510713151487 0.00572513913227615 0.00572532409408213 0.00572513539261111 0.00572508098264775 0.00572526626155251 0.00572508098272911 0.0057251046717825 0.00572513145593057 0.6267626263429 0.00572558658587642 0.00572509086039433 0.142866380983295 0.00572508098264775 0.00572581657102323 0.00572520180708331 0.0986916664315271 0.00572508098264775 0.00572521336763801 0.00572518455725596 0.00572510992017523 0.00572510031556107 0.00572516373355188 0.00572515942313017
0.00887128561688592 0.119785105795543 0.00887123501326205 0.00887122592664661 0.0088713691383035 0.00887121133717651 0.118777966301851 0.0088712409654992 0.00887121949537894 0.00887121133717651 0.0088712276769108 0.00887121133717651 0.1380753121359 0.00887125602125536 0.00887150228522034 0.00887121133720352 0.00887133171879358 0.0088712113371765 0.00887128143735709 0.126817654336029 0.310247242975874 0.00887138569156106 0.0088712113373872 0.00887121133717651 0.00887146677007981 0.00887121133717651
0.00349442826315626 0.00349441437878213 0.00349446271099156 0.00349453131794844 0.00349442116455707 0.00349441793645036 0.150586767407891 0.00349448027665048 0.106151875638887 0.00349442628280177 0.10227082398031 0.00349441990718101 0.197797484754991 0.0910836589858662 0.0613987521561116 0.0034943954716145 0.00349456272676204 0.00349448473279512 0.00349440996118721 0.179492128686331 0.00349443456645199 0.00349440601859541 0.00349449127664243 0.0483184837502099 0.00349442894651099 0.0034944087003229
0.105697377554606 0.00229971894823151 0.00229970459491579 0.00229974458127268 0.00229972392458043 0.0397297921425617 0.00229968295251168 0.00229971169374217 0.00229968819353474 0.0339427650266416 0.00229975271183788 0.00229970469615866 0.00229968860708496 0.00229974779360628 0.00229978816987725 0.00229973505553793 0.00229972124188638 0.155258948246375 0.00229969794662701 0.00229969259591947 0.00229986274733042 0.00229968628919672 0.177308094080157 0.00229971194278339 0.309593218599955 0.134775039663068
0.0196936610441533 0.0196938038152431 0.0196936619494557 0.0196934491236589 0.0196934410099244 0.01969343761998 0.0196934376198439 0.0196935485464409 0.0196934376198439 0.0196935791794028 0.0196940763733959 0.0196936270380272 0.0196934376198439 0.0196936323211365 0.0196936156791169 0.26366703297343 0.0196934696489954 0.0196936434037742 0.0196938094163536 0.0196934488350711 0.0196934846340944 0.0196935845225162 0.0196934481180733 0.26368699669822 0.0196934376198439 0.0196937975701611
0.00799279257591584 0.00799281249555815 0.225495206688741 0.00799275625415798 0.00799275266560815 0.00799275245774739 0.00799275245773964 0.00799275925900833 0.00799275245773905 0.00799281779882229 0.00799287852934253 0.00799276407108174 0.00799275245773905 0.00799278278783075 0.00799276337472818 0.358406803385555 0.00799277225103475 0.00799276507436222 0.232264257444425 0.00799275314542072 0.00799276723128533 0.00799275245773905 0.0079927532363582 0.00799275245988211 0.00799275245773905 0.00799277452443753
0.00365252287796906 0.00365254932960482 0.00365252287796909 0.00365262163629247 0.00365254961437598 0.00365252287796905 0.00365252287796905 0.0674710547898453 0.0900881632575497 0.003652643785143 0.0489041919153444 0.00365254836888005 0.395304093922171 0.00365252534442395 0.00365252287796905 0.00365252287796905 0.00365265371013337 0.00365252287798329 0.0958820444108384 0.00365252287796905 0.00365254531066032 0.00365252287796905 0.00365252631439367 0.00365252288150221 0.00365253244358946 0.229299527063516
0.00161115180904367 0.0289758081478332 0.205022735927009 0.00161117688168175 0.00161118445454104 0.00161114341492757 0.00161115210664951 0.00161119450036689 0.00161115004660379 0.00161115266383375 0.00161115918765661 0.255252213932281 0.00161115395139767 0.276696730689789 0.00161115438694465 0.00161113786514948 0.00161115552781595 0.00161115295613791 0.0016111463894773 0.00161115248841268 0.00161116572685067 0.00161118590177811 0.00161118555030479 0.0868824605477773 0.114946848685955 0.00161114625978234
0.00297860225116083 0.00297863146244015 0.0029785984627843 0.00297862282246689 0.00297865731348351 0.00297859103627669 0.00297859103782027 0.00297865324200746 0.00297859122889541 0.00297859103633638 0.00297860609935108 0.87862606678087 0.00297867186240823 0.00297859700964704 0.00297862107154172 0.00297859103627663 0.0498871858736492 0.00297860043104355 0.00297859103765742 0.00297862951954445 0.00297860612517032 0.00297862735107631 0.00297862648855077 0.00297861677414368 0.00297863025418948 0.00297860239120867
0.144630388588054 0.00996667823698857 0.00996665216883135 0.00996674591327767 0.00996661156455832 0.00996661094149637 0.00996671133130387 0.0099666313285505 0.00996661094147136 0.00996663695821916 0.00996672816828595 0.00996664575330239 0.00996661094147136 0.00996664684475873 0.00996664366588238 0.00996680319918685 0.00996661682826716 0.00996664876079123 0.00996791396779358 0.00996661300279088 0.00996661958239807 0.00996661094147136 0.00996669902411138 0.00996661094789517 0.00996661094147136 0.616168699457371
0.00115146983943078 0.0011514692085412 0.0451732679969133 0.351849619603423 0.0202895867406181 0.016120935026943 0.00115146007433236 0.00115147853085661 0.00115146164026328 0.00115148218499577 0.00115148001321632 0.0011514622276046 0.0904517065031141 0.0011514683720266 0.00115146712891215 0.00115148117965254 0.00115148404799448 0.00115146494476454 0.0531334332138517 0.0485784150410471 0.353676547259704 0.00115147394569883 0.00115147221884752 0.00115146072373624 0.00115148360541302 0.00115146872809881
0.00321598073801384 0.454392313519797 0.00321595300813174 0.00321599152258373 0.00321595060409318 0.00321594787944286 0.003215978059957 0.00321594809639048 0.00321594745655346 0.0032159538053732 0.0440850933206678 0.00321594723097095 0.00321594213622043 0.00321595121601755 0.0567076709486889 0.0656134038430403 0.0572437097380078 0.00321594739713829 0.00321596266032603 0.257638678068579 0.00321596321996305 0.00321594640399268 0.00321595461747291 0.00321596140420887 0.00321594581943486 0.00321595728493357
0.00211860600663322 0.00211860560666401 0.00211860112851858 0.00211860560569024 0.00211860293182555 0.0283662778017408 0.00211859893582311 0.00211860768640589 0.00211859895511656 0.00211860031955511 0.00211860749111885 0.00211860279795956 0.00211861525838198 0.00211860512694954 0.00211860534398673 0.00211860886711935 0.00211862582798885 0.920787131291424 0.0021186039696296 0.00211860117268647 0.00211860350078103 0.00211865996774429 0.00211860829408041 0.00211860387919427 0.00211860782754934 0.0021186044054327
0.00382565241870532 0.00382565534860914 0.0038256511210567 0.00382567071988299 0.00382572416573396 0.00382563965337879 0.00382575173306489 0.00382568773873851 0.00382572431196963 0.0038256686700832 0.00382566257843931 0.00382564646163918 0.0038257046092842 0.0038256466515273 0.498474242341868 0.00382567617395523 0.00382564575773703 0.00382564738551765 0.00382585137962968 0.00382571069120994 0.0038256549055348 0.00382565544324301 0.00382564003075621 0.165038895200367 0.00382563991820122 0.248496254589867
0.00149201642035753 0.00149201573763511 0.00149203852064183 0.00149201531397252 0.00149201885534873 0.00149201037330332 0.00149201948331871 0.00149201503306642 0.00149201720989419 0.903089674392732 0.0611019150754109 0.0014920111969239 0.00149201714350391 0.00149201348885935 0.00149201791480897 0.00149201932941319 0.00149201406542619 0.00149201349303835 0.00149202579976897 0.00149202374569643 0.00149202321601404 0.00149201248685899 0.00149201143282212 0.00149201453273872 0.00149201070222024 0.00149201503622488
0.0132350984153895 0.0132350984153895 0.0132350984153896 0.0132350984153895 0.0132350984154111 0.177206958715335 0.332338018011304 0.0132350984155732 0.013235161914301 0.013235437511759 0.0132350984153895 0.0132350984153895 0.186047357121061 0.0132350984153895 0.0132350984153895 0.0132350984155812 0.0132350984153895 0.0132350984153895 0.0132350984180516 0.0132350984153895 0.0132350984153895 0.0132350984153895 0.0132350984153895 0.0132350984153895 0.0132350984153908 0.0132350984153895
0.00887127057595037 0.00887130842652045 0.00887151959170858 0.00887121439014529 0.00887121223611479 0.00887129646919747 0.00887121133717651 0.00887124074921218 0.00887130952806566 0.00887139258129373 0.00887138047054349 0.00887126156002089 0.00887127747770247 0.00887126296121938 0.0088712585484343 0.00887161277392578 0.00887121982983707 0.397468251822784 0.161865356246015 0.00887121431098124 0.23662663561826 0.00887124197128081 0.00887121412084006 0.00887121134644385 0.00887130918402946 0.00887131587229734
0.00422628065976518 0.0042262599253178 0.00422641675798033 0.00422627828120064 0.00422630139387529 0.00422632400295476 0.00422625940265758 0.00422629932547788 0.00422633491614496 0.180357554267705 0.00422627796750049 0.00422626181954007 0.00422643212661113 0.00422627185472308 0.0042262871030256 0.00422635947577501 0.00422646845464225 0.00422627353436944 0.0562899716511833 0.00422626312032407 0.666147211330902 0.00422629573158716 0.00422627650605212 0.00422635439675165 0.00422638707962409 0.0042262989143085
0.00887127101972838 0.228685010292742 0.0088712113371765 0.00887125980513719 0.0088712113371765 0.00887121133717651 0.0088712113371765 0.00887124510024565 0.00887121133820305 0.0088712113371765 0.0088712113371765 0.0088712113371765 0.00887139177416256 0.0088712113371765 0.0088712113371765 0.0088712113371765 0.00887124319655045 0.00887131871060995 0.00887125766174353 0.0088712113371765 0.00887121133717651 0.00887122141399182 0.00887122857921141 0.0088712113371765 0.558405092985654 0.00887150073872513
0.00887123415405314 0.00887121133717651 0.00887121133717654 0.00887123454029993 0.00887121189801827 0.118778139805326 0.00887121133717651 0.00887121133717664 0.00887121133717651 0.00887121133717651 0.00887121133717651 0.118778140656232 0.00887121133717651 0.00887121133829926 0.224895449529248 0.00887121133717651 0.0088712113371765 0.00887121133717651 0.00887121766482818 0.00887121133717651 0.00887121133717651 0.00887121133717651 0.00887121133734756 0.00887121133717651 0.342381564056765 0.008871214961935
0.00996661094147136 0.00996661094147136 0.00996661094147136 0.00996661094147136 0.00996661094147136 0.00996661094147136 0.00996661096431421 0.00996661094147136 0.00996661094147136 0.00996661094147136 0.00996661094147136 0.750834726440373 0.00996661094147136 0.00996661094147136 0.00996661094147136 0.00996661094147136 0.00996661094147136 0.00996661094147136 0.00996661094147136 0.00996661094147136 0.00996661094147136 0.00996661094147136 0.00996661094147136 0.00996661094147136 0.00996661094147136 0.00996661094147136
0.00667155192210282 0.663785684820608 0.0066715136073589 0.00667148758625157 0.00667148455178421 0.00667148428266624 0.00667148428265589 0.00667149521738903 0.00667148428265543 0.00667150667463893 0.00667160217131112 0.00667149931861603 0.00667148428265544 0.006671521125294 0.00667149841702865 0.00667162392768909 0.00667148682580268 0.00667150061759171 0.00667172057957909 0.00667148517299723 0.00667149714842428 0.176097492259648 0.00667192950418352 0.00667148428543006 0.00667148428265544 0.00667151285298243
0.00572509112032011 0.00572509759712661 0.00572509116139234 0.00572512823519155 0.00572508113649367 0.155846181702589 0.00572508098264775 0.00572510437272107 0.00572510279216248 0.00572508740606934 0.00572510992354755 0.0788108546057346 0.00572509087214138 0.00572508981725209 0.00572508906212335 0.208607385315513 0.00572508243609331 0.20866015713621 0.227848122000466 0.00572508149159114 0.00572508312876091 0.00572509527872618 0.00572509808239345 0.00572508098423378 0.00572515680641229 0.00572537655208791
0.00401600603543982 0.00401604771651281 0.0040160020860835 0.00401607049019261 0.00401602122698451 0.00401598317210397 0.0573597872517864 0.00401608614864203 0.00401598317210397 0.00401600915704204 0.00401598317210398 0.004016008808784 0.00401602231182257 0.00401605722201594 0.574992435134822 0.00401598317210398 0.0858444732075154 0.00401598953623277 0.00401598359367364 0.00401604849342661 0.00401598423831288 0.193450967003674 0.00401610338416482 0.00401598317210398 0.00401598342641134 0.00401599766594059
0.0061621627179913 0.00616215652889095 0.00616217084561304 0.00616216125107604 0.00616216636493677 0.00616215652888427 0.00616228787620535 0.00616218135356821 0.00616225431068613 0.00616218009145281 0.00616215652888427 0.00616215652895569 0.00616223155519018 0.00616217266022421 0.00616225293774399 0.00616215665247748 0.00616216039283505 0.00616217136427722 0.595560750014082 0.256546896499162 0.00616216247662612 0.00616217476755434 0.00616215846440254 0.00616220496211815 0.00616215652888427 0.00616215979727769
0.00667148428265544 0.00667148428265544 0.00667166589247037 0.00667149088409921 0.00667148428265544 0.00667148428265544 0.0893254983581469 0.00667148428265544 0.00667156679170345 0.00667150538685136 0.00667162009035732 0.00667148428265544 0.00667152856321189 0.00667148891727938 0.00667148428265544 0.00667148428265544 0.00667149066803062 0.00667148428265544 0.00667148428265544 0.00667158989149456 0.750558264452157 0.00667150563581442 0.00667148428265544 0.00667148428265544 0.00667148879386317 0.00667148428265544
0.0196937174475035 0.0196935205183388 0.0196934376198439 0.019693588903846 0.0196934376351767 0.0196934376198439 0.0196934376198439 0.0196939126031693 0.0196934376198439 0.0196934376198439 0.0196934376198439 0.0196934376198439 0.0196934376198439 0.0196936080977001 0.0196934376198439 0.0196934376198439 0.0196934376198441 0.202926941952071 0.0196937922469873 0.0196934376198439 0.0196934376198439 0.0196938799309907 0.324428175466668 0.0196936541557945 0.0196936382798276 0.0196934437039569
0.00616218939451697 0.303896863077681 0.00616220603291871 0.00616217500303531 0.00616228685207296 0.00616218858699538 0.296763116511564 0.006162265582584 0.00616222290150532 0.0061621629605604 0.0061621634678577 0.00616215652902064 0.00616219878450951 0.00616224520146549 0.00616224843780295 0.00616220674890787 0.00616224584532776 0.00616219602106388 0.00616218795525154 0.00616220251598694 0.00616215652905351 0.00616223978636736 0.257609286025062 0.00616223776937726 0.0061621861888495 0.00616216529066257
0.13885157918991 0.238619761355452 0.00422631095111459 0.00422630529850343 0.00422627777255569 0.00422627631024921 0.00422627014817747 0.00422626541504125 0.00422625940265759 0.0618984732881259 0.0042263291338895 0.00422627355373503 0.00422625940265759 0.123206936932718 0.287599459675993 0.00422635161656489 0.00422626182104584 0.0042262718892794 0.0652981056877832 0.00422636698174311 0.00422626734558138 0.00422627196655283 0.00422626050357643 0.00422625940399574 0.00422627119457821 0.00422627375851838
0.00667163605307837 0.00667158686213836 0.00667151090558496 0.00667160393418518 0.00667154468147823 0.00667162434710734 0.00667148428265545 0.00667148432774872 0.00667166355493078 0.00667149262902229 0.00667157428264187 0.00667148428265545 0.00667149011877992 0.00667148442408502 0.00667165439108301 0.00667150661654199 0.0898689081882167 0.254648690936806 0.00667148428725428 0.336728612651664 0.00667170620057347 0.00667148428265546 0.00667163731842687 0.171979260578218 0.00667190541645566 0.00667148444601285
0.00152011592641464 0.0015201163398519 0.0015201262704393 0.00152011422446421 0.00152011629420068 0.0015201092249258 0.00152011809555459 0.00152011392292775 0.00152011588118212 0.961997088310731 0.00152013941710569 0.00152011029922809 0.00152011582408902 0.00152011287847043 0.00152011683680471 0.00152012060487484 0.00152011223114951 0.00152011257648518 0.00152012504381167 0.00152012226406844 0.00152011884282208 0.00152011128535126 0.0015201102731525 0.00152011327361561 0.00152010954543442 0.00152011431284492
0.00349442692057947 0.00349445692701457 0.00349445618121511 0.00349439906364801 0.00349450499425896 0.0034944513000955 0.100570231251454 0.00349440746642724 0.390365095883553 0.00349441382025931 0.00349442566328147 0.00349439547291287 0.29613732137509 0.00349441991808733 0.00349449554781672 0.00349454541049598 0.00349444156716719 0.0778875839723356 0.00349443111798977 0.0616566187565324 0.00349441150666582 0.00349445570758755 0.00349439898979868 0.00349440265427791 0.00349441265651075 0.00349439587494395
0.00154929141676695 0.0015492970312887 0.00154929532047201 0.329805473157629 0.0684981821161548 0.00154928869300813 0.00154928649958192 0.120948636566471 0.00154928965323757 0.0015492885873245 0.00154929476226278 0.00154930999743894 0.00154929421444394 0.00154930813863883 0.00154929170344472 0.0534706223990159 0.00154932053435395 0.220302877935299 0.120757142810148 0.00154928663393672 0.00154929523552056 0.00154931556015143 0.00154934043944501 0.00154928889880278 0.00154930466736528 0.0567803770277971
0.00667220038965341 0.00667153895519999 0.00667165739960553 0.00667153962993265 0.254605136542986 0.00667148428265556 0.00667148428478923 0.172005075898111 0.00667148428265545 0.00667150526289261 0.157935682594471 0.00667149193766274 0.00667158197224453 0.00667250844411008 0.00667170760057051 0.00667158121869217 0.00667151811757734 0.00667148428265594 0.186023458819633 0.00667224157377935 0.00667165565378959 0.00667149349600146 0.00667158886934871 0.0893256251477513 0.00667178906057588 0.00667148428265545
0.00501387491958039 0.28165925215894 0.00501389653859161 0.00501389526953967 0.00501385287853458 0.00501384522482689 0.244893368371728 0.00501384925617092 0.00501387495098149 0.00501386495625873 0.00501383156904041 0.00501384290836767 0.00501386109387525 0.00501384194354286 0.00501391010777243 0.00501385729922036 0.00501391206834383 0.00501383363201238 0.00501384989953649 0.151365458135779 0.00501382927941911 0.211776940200095 0.00501384935727365 0.00501384525077172 0.00501393339383582 0.00501382933596197
0.0260490145295759 0.0260490145295759 0.0260490145295759 0.0260490145295759 0.0260490145295759 0.0260490145295759 0.348774141556595 0.0260490145295759 0.0260493368359751 0.0260490145295759 0.0260490145295759 0.0260490145295759 0.0260491874271842 0.0260490145295759 0.0260490145295759 0.0260490145295759 0.0260490145295759 0.0260490145295759 0.0260490145295759 0.0260490145295759 0.0260490145295759 0.0260490145295759 0.0260490145295759 0.0260490145295759 0.0260490145295759 0.0260490145295759
0.40217715904331 0.00501387551454762 0.00501387736776336 0.00501384833493351 0.00501405758415022 0.00501388406825055 0.00501382927723796 0.144714904879314 0.00501391416260398 0.00501384067487966 0.00501388063392498 0.00501385843664581 0.00501389662773201 0.00501393388609311 0.00501384361341512 0.00501399599994628 0.00501394569538409 0.0050138553980428 0.0834774234006737 0.00501383118621284 0.259324849639703 0.00501391268887637 0.00501384449902648 0.00501392055164738 0.00501390815361048 0.00501390868207423
0.00334939822639334 0.00334940492978444 0.00334942695586515 0.128400340292322 0.00334956464340449 0.00334940262865004 0.00334939142992824 0.00334944875666175 0.00334940077402845 0.00334954239622804 0.0033494135594308 0.0450013189632867 0.00334948907632692 0.00334940298920937 0.00334940862942659 0.00334940397902181 0.00334952528195511 0.0474452495637678 0.00334945089934684 0.00334939845264074 0.00334940435668505 0.0740617509345915 0.095278983751084 0.00334944091072264 0.493602590723222 0.0525704468960159
0.00268170889474291 0.00268171126758118 0.00268170853481381 0.00268174937137012 0.00268180719295596 0.00268170941689562 0.00268173638918617 0.00268175840666072 0.236320600863494 0.00268180841344941 0.00268172417135074 0.00268170785629675 0.665535335622586 0.00268171518487847 0.00268171405984758 0.00268170776220372 0.00268172677393444 0.00268170933718381 0.036464261570594 0.00268170776329527 0.00268175983113426 0.0026817340895475 0.00268172757971072 0.00268170975937707 0.0026817150100713 0.00268174487683821
0.00572509291851277 0.00572510680811199 0.00572508290015041 0.00572508726473389 0.00572508098929051 0.076654072186901 0.00572513711130652 0.00572510183093866 0.00572516393506991 0.0766477888982599 0.00572511288494468 0.284114258834776 0.0057250931514742 0.00572508991334979 0.00572508098264776 0.0057251006125367 0.00572515867132228 0.00572516201707521 0.00572510795482209 0.284594789047285 0.00572508098264776 0.00572512724351658 0.0057250978314164 0.157761845414626 0.00572509653273067 0.00572508308155339
0.00616215652888427 0.00616215652888793 0.00616215652888427 0.00616215652961241 0.00616216179812272 0.00616217974863009 0.00616222724459501 0.00616220491348379 0.614513940603814 0.00616216416970886 0.00616219748154627 0.00616217857872075 0.00616243428753956 0.00616215652901915 0.00616215652888427 0.00616219249603301 0.00616215672106522 0.237593495965204 0.00616228819309905 0.00616215652889132 0.00616215655201326 0.00616223224946213 0.00616215652888427 0.00616218362894733 0.00616219660716073 0.0061621565289064
0.00799277473907891 0.00799277302806705 0.701156896423739 0.00799275245774243 0.00799275245773905 0.00799275245773905 0.00799275245773905 0.00799275245773905 0.0079927524577775 0.0079928230791938 0.00799275245773905 0.00799275715884488 0.0079929052085198 0.00799275245773905 0.00799275249108715 0.00799277258367125 0.00799275245773905 0.10701620116443 0.00799282045173216 0.00799278474646248 0.00799295206671776 0.00799275245773905 0.00799284258626987 0.00799275245773905 0.00799275245773905 0.00799291477927569
0.00534591452899265 0.00534590273155939 0.00534598359520014 0.00534591481085176 0.730514355976794 0.00534590157673281 0.00534594539298676 0.00534591596986659 0.00534590157673281 0.141183523641325 0.00534590157673281 0.00534590157673281 0.00534590157673281 0.00534590157673384 0.0053459461006586 0.00534590157673281 0.0053459072995099 0.00534590157673281 0.00534594756516222 0.00534605103002352 0.00534593203023701 0.00534591303346968 0.00534590157673281 0.00534590158102489 0.00534591690114479 0.00534591362059723
0.177025964962705 0.124254021427644 0.00268175197032194 0.00268179597943661 0.00268174738535572 0.00268171139344718 0.0363641306382876 0.149606936873495 0.00268175564044526 0.0026818236078569 0.00268171593145133 0.0480764169518876 0.00268177860176798 0.268394363233383 0.00268172769059696 0.00268170776220373 0.00268179560402605 0.00268173543359583 0.0026817120922808 0.00268173528221024 0.00268174968227031 0.00268183093270564 0.145324928334198 0.00268171033814024 0.0026817319124723 0.00268172033781594
0.00118528800803572 0.00118528074928364 0.00118530616710574 0.00118533470730298 0.00118529394002499 0.00118528549947491 0.274073660654353 0.191242665031145 0.0242368226983316 0.00118529050485093 0.00118529574279292 0.00118532081351157 0.0314198113250438 0.00118528866637218 0.00118528447995387 0.00118528975175117 0.0958247005117917 0.0201915498940855 0.00118530640900937 0.0937785219750818 0.00118529813647353 0.112859237774591 0.100320721450024 0.0189047026484667 0.00118528972217381 0.0193681527389693
0.046982310355995 0.162169141844754 0.00297861005219902 0.00297861354054157 0.00297862213555179 0.00297868293939583 0.00297866950548569 0.0408457618094973 0.00297881368119661 0.136874241296745 0.0364791006353865 0.00297859103631104 0.00297859264289498 0.0029786098342953 0.00297860905103919 0.0610187372949357 0.177386300010549 0.00297860282455917 0.0884276129993534 0.199180168129665 0.00297863024394829 0.00297859896197009 0.00297859547105284 0.00297859103640436 0.002978595585841 0.00297859708043274
0.00171377393317111 0.00171377177588715 0.00171378468686912 0.183570604792469 0.00171379932749954 0.00171376174473103 0.001713765485938 0.00171380412484817 0.00171376129254805 0.00171378247069308 0.00171376074744347 0.00171376838255997 0.00171378018582289 0.00171377243889892 0.0017137737975059 0.0654099098985698 0.00171384647299651 0.213954794546491 0.00171376364014985 0.00171376138386872 0.00171376498274543 0.00171377833291396 0.00171384689188901 0.00171376534296765 0.499361517980289 0.00171378534023311
0.0158309245668911 0.0158309245668911 0.0158309245668911 0.0158309245668911 0.0158309245668911 0.0158309245668911 0.0158309245668911 0.0158309245668911 0.0158309245668911 0.0158309245668911 0.0158309245668911 0.211965298541121 0.0158309245668911 0.0158309245668911 0.0158309245668911 0.0158309245668911 0.0158309245668911 0.0158309245668911 0.0158309245668911 0.211960524802518 0.0158309245668911 0.0158310426665749 0.0158309245668911 0.211962793518182 0.0158309245668911 0.0158309245668911
0.0196934376198439 0.0196934376198439 0.0196934376198439 0.0196934376198439 0.0196934376198439 0.0196934376198439 0.0196934376198439 0.0196934376198439 0.0196934376198439 0.0196934376198439 0.0196934376198439 0.507664059503904 0.0196934376198439 0.0196934376198439 0.0196934376198439 0.0196934376198439 0.0196934376198439 0.0196934376198439 0.0196934376198439 0.0196934376198439 0.0196934376198439 0.0196934376198439 0.0196934376198439 0.0196934376198439 0.0196934376198439 0.0196934376198439
0.00616217675102335 0.0061622025994321 0.00616217118436842 0.00616215841046094 0.006162156641093 0.0825061512698959 0.00616215652888456 0.00616217416521204 0.00616232257143125 0.00616217246570062 0.76960150788928 0.00616216279778864 0.0061621646799653 0.00616217190302031 0.0061621624218976 0.00616222251450232 0.00616220826620752 0.00616219216316187 0.00616219390362316 0.00616219263242337 0.00616216381947911 0.00616215652888427 0.00616215899939617 0.00616216350758311 0.00616216694481371 0.00616216844047139
