0.00225903816967499 0.00225903674479641 0.00225903640163836 0.00225903649684175 0.0022590379480624 0.00225903819070714 0.00225903695917146 0.523905839571491 0.00225903707636035 0.002259036593277 0.00225903624530508 0.00225903630428745 0.00225903687203773 0.00225903645122744 0.00225903665793428 0.002259036464808 0.00225903729589233 0.00225903661434275 0.00225903704900571 0.069124811532927 0.00225903665798991 0.00225903697391644 0.00225903740073355 0.00225903681935003 0.00225903629226274 0.355011500215959
0.00914634250686687 0.00914634146341466 0.00914634157694204 0.00914634150896913 0.381776077295871 0.00914634146341464 0.0091463433594109 0.0091463415644751 0.00914634448730737 0.00914634146341464 0.00914634167746174 0.00914634892053541 0.00914634146341464 0.00914634146341466 0.00914634150247021 0.00914634148025097 0.00914634146341464 0.00914634215347183 0.00914634159173691 0.39871170826743 0.00914634200371756 0.00914634295285532 0.00914634150205576 0.00914634386618609 0.00914634146341549 0.00914634153808208
0.00700934579439252 0.00700934598697081 0.00700934669014343 0.00700934737273762 0.00700934582595637 0.00700934581934743 0.00700934637185064 0.00700934597358598 0.00700934689898149 0.00700934654582779 0.00700934945928165 0.374032726624178 0.00700934583723849 0.00700934778600892 0.00700934591857847 0.457742958419803 0.00700934660669984 0.00700934618190333 0.00700934645092095 0.00700934639818326 0.00700934670677045 0.00700934597346038 0.00700934643151979 0.00700934598693068 0.00700934611736861 0.0070093458213608
0.0107913708625383 0.0107913669064748 0.0107913747143522 0.0107913677099589 0.0107913757332469 0.0107913727066669 0.550358732243976 0.0107913691491448 0.0107913731167822 0.0107913669064748 0.0107913686378108 0.0107913670981692 0.0107913903686547 0.190648392471913 0.0107913669064748 0.0107913670675488 0.0107913669064748 0.0107913673754521 0.0107913673369217 0.0107913688138361 0.0107913669064748 0.0107913669064748 0.0107913706786024 0.0107913669064748 0.01079136691634 0.0107913686527613
0.176504757250906 0.00519031191717952 0.00519031202736353 0.00519031191163922 0.00519031335086977 0.00519031250318164 0.0051903166753158 0.00519031161607242 0.00519031226772218 0.00519031185292322 0.00519031160023026 0.00519031158095421 0.00519031197999481 0.00519031157226636 0.0051903123485064 0.0051903142762807 0.00519031201230796 0.00519031181840388 0.00519031186969367 0.698927746341612 0.00519031341791078 0.00519031184290397 0.00519031234242393 0.0051903122125994 0.00519031168411786 0.00519031172662021
0.00173611158992844 0.00173611254623147 0.00173611242526531 0.00173611280126089 0.00173611168107459 0.133056681502933 0.00173611142100922 0.00173611170245444 0.00173611205230925 0.00173611159224374 0.0017361112689631 0.126844059762055 0.00173611148856036 0.00173611122930051 0.25724585033982 0.00173611122436431 0.00173611170407733 0.00173611192009887 0.00173611143267533 0.00173611113970707 0.00173611133535761 0.00173611137741355 0.00173611222692275 0.00173611157279647 0.444658950931744 0.00173611173143214
0.00914634152776058 0.00914634146345689 0.00914634171015882 0.00914634165181084 0.00914634232295365 0.00914634146364334 0.00914634204778776 0.00914634171197026 0.0091463437786272 0.00914634159405548 0.00914634146341464 0.457371379598321 0.00914634146341464 0.00914634178630853 0.00914634518098703 0.00914634146341464 0.00914634161289299 0.00914634153070988 0.00914634180995679 0.323116387655577 0.00914634261276569 0.00914634774383636 0.00914634219109565 0.00914636131324993 0.00914634173187764 0.00914634156995232
0.00225903628929868 0.00225903615880419 0.00225903619519316 0.00225903622529127 0.00225903642721373 0.00225903634266916 0.00225903647903714 0.0022590362510469 0.00225903659172207 0.00225903618415638 0.00225903626647647 0.00225903619612992 0.00225903621901922 0.00225903627356803 0.00225903653849281 0.00225903637830194 0.00225903638829399 0.00225903648839819 0.415015855902747 0.00225903728269734 0.00225903901335535 0.0022590363829063 0.530767268547273 0.0022590362447377 0.00225903641503186 0.00225903631813918
0.00914634146341464 0.00914635268193482 0.57282035947924 0.00914634150911114 0.00914634475338762 0.00914634150167347 0.0091463512160455 0.00914634176304091 0.00914634147518918 0.00914634537562634 0.00914634282317224 0.00914634288874842 0.00914634197260019 0.00914635258140364 0.0091463432629964 0.00914634146341463 0.00914634354193614 0.00914634270729205 0.00914634154464333 0.00914634200214988 0.00914634342949085 0.207667393415332 0.00914634146341895 0.00914634261048588 0.00914634159048817 0.009146341483763
0.00114155266646975 0.00114155256549278 0.0011415526604752 0.00114155259758042 0.00114155268986794 0.00114155261659274 0.00114155265133821 0.00114155260777161 0.00114155267163392 0.971461183737088 0.00114155267718249 0.0011415525518745 0.00114155262101577 0.00114155284164636 0.00114155267981312 0.00114155291879397 0.00114155265186559 0.00114155254596013 0.00114155263279204 0.0011415528235239 0.00114155262311418 0.00114155263480929 0.0011415526144955 0.00114155260302075 0.00114155254971982 0.0011415525660625
0.00144369587072614 0.00144369660502475 0.00144369602106295 0.00144369618967923 0.0014436958903668 0.00144369608556288 0.00144369621515202 0.00144369601145799 0.00144369597964334 0.00144369597377125 0.00144369597030596 0.00144369592262676 0.00144369589285055 0.00144369600889136 0.00144369610730524 0.00144369628371092 0.963907598976079 0.00144369588582486 0.00144369598498496 0.00144369595348897 0.00144369591178776 0.00144369601343156 0.00144369596908369 0.00144369591669188 0.00144369603979948 0.0014436963206902
0.142713599270803 0.00442477889682881 0.00442477924633163 0.00442477887363035 0.229849415939341 0.00442477937869264 0.00442478015384876 0.00442477895803082 0.00442478011078041 0.00442477896674411 0.00442477882719348 0.00442477896285926 0.00442477920488887 0.00442477893072706 0.00442477955245372 0.00442477910059928 0.00442477917604359 0.00442477928345134 0.00442477914354291 0.525667062597956 0.00442477937128494 0.00442477936234476 0.00442477929184138 0.00442477947499319 0.00442477896188199 0.00442477896290689
0.00210084038163387 0.00210084046378418 0.00210084089711876 0.00210084042499036 0.00210084064430835 0.00210084050518053 0.00210084050962808 0.00210084053374884 0.00210084049200339 0.00210084038636688 0.00210084066278759 0.0021008411188394 0.00210084065447932 0.00210084074110031 0.0021008404870065 0.00210084038760005 0.00210084049438866 0.00210084057950905 0.00210084072764912 0.00210084054611045 0.00210084044554798 0.947478984938181 0.00210084112739112 0.00210084065161157 0.00210084063823646 0.00210084056079798
0.0131578947368421 0.0131578966786104 0.234192042716758 0.0131578972830059 0.0131579083706011 0.0131578947368421 0.0131578948412682 0.0131578947368421 0.0131579151012201 0.0131578947368421 0.0131578947368727 0.01315790698015 0.0131578981001342 0.0131578951444578 0.0131578947368707 0.0131578947368421 0.0131578947368421 0.0131578947368422 0.0131578947368421 0.0131578971452706 0.0131578947368421 0.450018416443935 0.0131579039751441 0.0131578956404378 0.0131578947368421 0.0131578947368421
0.00477707016581535 0.00477707067149355 0.00477707011332819 0.00477707201260158 0.00477707027275677 0.00477707009342466 0.00477707086220243 0.00477707008353185 0.00477707026943469 0.129909094359354 0.00477707032223738 0.00477708372636242 0.00477707006461908 0.00477707069358852 0.00477707038240406 0.00477707214209572 0.00477707162555372 0.00477707032940496 0.00477707339201977 0.755441185530455 0.00477707023219863 0.00477707029575531 0.00477708042203425 0.00477707120169356 0.00477707008293391 0.00477707065270078
0.0168539464844852 0.0168539325842697 0.0168539325974535 0.0168539325842879 0.0168539709818801 0.0168539328315751 0.0168539779716533 0.578651346926483 0.0168539590197996 0.0168539567240567 0.0168539329112923 0.0168539351674502 0.0168539325842697 0.0168539325842701 0.0168539325842714 0.0168539439115094 0.0168539338448773 0.0168539431007076 0.0168539328590307 0.016854039480517 0.0168539405556441 0.0168539624834311 0.0168539471031862 0.0168539348965723 0.0168539342377868 0.0168539329892395
0.00412088049042469 0.0853077301631298 0.679197768119572 0.00412088056551371 0.00412088125780547 0.00412087926113663 0.00412088211615542 0.00412087922577569 0.00412087940713107 0.0041208796356353 0.00412088036945006 0.00412087924993372 0.00412088071600726 0.00412087976391381 0.00412087912819024 0.00412088194324543 0.00412088162259991 0.140714260445221 0.00412087940599141 0.00412087965824053 0.0041208800182383 0.00412087943617766 0.00412087940711698 0.00412087928814017 0.00412087914193942 0.00412088016331509
0.00217706855843019 0.00217706868572763 0.00217706871594716 0.00217706829320785 0.154992478399426 0.00217706829703492 0.00217706916687151 0.00217706844015116 0.141924201331658 0.00217706943702278 0.00217706837450421 0.00217706828385549 0.00217706873298551 0.653010741115665 0.0021770684096949 0.00217706872087007 0.00217706850483642 0.00217706824968592 0.00217706826933141 0.00217707021808139 0.00217706910785309 0.00217706934206532 0.00217706845116251 0.00217706827659041 0.00217706824361678 0.00217706837372432
0.00412087950336633 0.00412087938367189 0.317995577288674 0.0041208794153582 0.00412087982400872 0.00412087919111022 0.583103311694029 0.00412087924496395 0.00412087932546698 0.00412087979891142 0.00412087950132286 0.00412087919823157 0.00412087957426117 0.00412088259780818 0.00412087939820937 0.00412088100924048 0.00412087967948984 0.00412087926157519 0.00412087942335836 0.00412087967834402 0.00412087915736596 0.00412087953815262 0.00412087950612235 0.00412087917620956 0.00412087934472193 0.00412087928602572
0.260730745335117 0.00412087957738405 0.00412088019296652 0.00412088000652421 0.00412088026405393 0.00412088077589809 0.179165608694213 0.00412088003593678 0.00412088131724404 0.251267713490926 0.00412087954155256 0.00412087986709875 0.00412088018106005 0.00412088369547933 0.00412088456292825 0.218176553603706 0.0041208817940784 0.0041208792591548 0.00412088213546341 0.00412088185508515 0.00412088113993915 0.0041208793140931 0.00412088174588265 0.00412087985666028 0.00412088035918055 0.00412088139837407
0.584316002288872 0.00627615154381297 0.00627615122049997 0.00627615108237906 0.265056336890468 0.00627615386112984 0.00627615242437771 0.00627615166492903 0.00627615335686365 0.00627615248059287 0.00627615067050507 0.00627615095506052 0.00627615120987264 0.00627615288871089 0.00627615207962223 0.00627615131727571 0.0062761507623637 0.00627615065612437 0.00627615074539926 0.00627615654915101 0.00627615185750381 0.00627615118344692 0.00627615148151702 0.00627615093856255 0.00627616764040722 0.00627615225055236
0.00914635171156073 0.00914634155243887 0.00914634378279729 0.00914634152796304 0.00914635355890047 0.00914634335308678 0.00914635174638487 0.00914634163753144 0.0091463444469289 0.00914634174818266 0.00914634146341464 0.00914634168942212 0.00914634858455852 0.00914634146341464 0.00914634173537487 0.00914634165764493 0.00914634165061161 0.00914634159835043 0.0091463420636985 0.00914634160259773 0.00914634252295302 0.00914634191237846 0.0091463418121305 0.771341412074073 0.00914634152948175 0.0091463415741206
0.00627615097760581 0.0062761511540176 0.00627615182377832 0.00627615087234172 0.00627615187768835 0.0062761507465041 0.00627615423278342 0.0062761509711722 0.0062761514322708 0.00627615065806851 0.00627615074481177 0.00627615093429484 0.112666644411763 0.00627615134734671 0.0062761513762118 0.00627615173847366 0.00627615190640467 0.00627615095680789 0.00627615120926068 0.00627615207649562 0.00627615087810448 0.00627615254709391 0.00627615181078517 0.224176013461317 0.518805859187818 0.00627615066677949
0.137898232197713 0.000735655136387402 0.0806918216054052 0.000735655114897965 0.423373817393536 0.000735655211455519 0.000735654830172859 0.000735655171026453 0.000735655168777196 0.00073565482159722 0.000735654914750226 0.103488138616528 0.000735655175332264 0.000735654768766242 0.000735654953346135 0.000735654816548366 0.00073565508754147 0.000735655171222815 0.000735655052655735 0.000735655012981549 0.107912640215182 0.000735655074129081 0.000735655304790727 0.00073565498281878 0.00073565509353852 0.131922249108898
0.00102459026247373 0.00102459066251876 0.00102459029736908 0.00102459034347498 0.00102459025316578 0.00102459046749742 0.00102459049513558 0.00102459041102064 0.0010245904435773 0.0306768508709897 0.00102459080433123 0.00102459023691243 0.0010245901976679 0.658712406063405 0.00102459029593065 0.0545175908724743 0.00102459094313823 0.00102459043610829 0.00102459036576562 0.00102459029102896 0.00102459033480377 0.00102459047227511 0.00102459059549263 0.00102459030285522 0.00102459036648495 0.233552162914103
0.00244299676190742 0.00244299681189469 0.00244299676133726 0.00244299683830932 0.00244299681366411 0.00244299684072909 0.00244299680605186 0.00244299690723397 0.0024429968461445 0.00244299675778001 0.00244299684357501 0.00244299679877913 0.00244299674396013 0.00244299682241855 0.00244299677537912 0.00244299678859743 0.00244299686156694 0.00244299674376415 0.00244299693276332 0.00244299674706694 0.00244299680910522 0.00244299682574946 0.00244299677655833 0.00244299687734911 0.93892507964833 0.00244299685998488
0.947478932256445 0.0021008426534615 0.00210084411836838 0.0021008446558509 0.00210084158518436 0.00210084135562971 0.00210084079255075 0.00210084910159852 0.00210084112220793 0.00210084559325531 0.00210084420714317 0.00210084107535374 0.00210084059972317 0.00210084874989261 0.00210084254711552 0.00210084046384078 0.00210084043166188 0.00210084043640332 0.00210084046707187 0.00210084166306993 0.00210084623768605 0.00210084647923952 0.00210084095521429 0.00210084077005054 0.00210084103992743 0.00210084064205431
0.0079365113154951 0.00793650945359653 0.0079365088562596 0.00793651077227786 0.544303480643592 0.00793651371697481 0.00793651143738308 0.00793650802534096 0.00793650866886183 0.00793650808179222 0.00793650848709502 0.00793651150451657 0.00793651038989913 0.00793651363536641 0.00793650963930937 0.00793650803560127 0.00793650842057613 0.00793651703123196 0.00793650884234658 0.00793650853405999 0.00793650891121085 0.00793651022597525 0.00793651756178377 0.00793650883041131 0.265220267113244 0.00793651186579894
0.0044247800091287 0.00442477915334613 0.00442477876813505 0.00442477893063718 0.00442477900041355 0.00442478329838588 0.00442477880380625 0.00442478054123803 0.0044247795546354 0.0988621168698603 0.0044247795894688 0.349088835972915 0.00442478047728085 0.0044247796559139 0.00442478063885845 0.0044247788147672 0.00442477928017475 0.00442477938050966 0.0044247804456546 0.00442477926340642 0.00442478001187829 0.00442477997900456 0.450279112465898 0.00442477947438456 0.0044247796370234 0.00442477998327457
0.00700935089507888 0.0070093482181923 0.00700934597803105 0.00700934669975721 0.0070093586967523 0.00700935076781567 0.00700935155427797 0.00700934648235826 0.00700934726322142 0.0070093457943939 0.00700934581684198 0.00700934579439253 0.00700934808087819 0.00700934813926556 0.824766294432418 0.00700934751326514 0.00700934800207951 0.00700934579439252 0.00700934652247099 0.00700934807726105 0.0070093466050623 0.00700935397833827 0.00700934686888969 0.00700934579439252 0.00700935043577732 0.00700934579439585
0.350893478627216 0.00265957485474897 0.25564157191565 0.00265957525056765 0.00265957564086704 0.00265957538376707 0.00265957559358094 0.00265957462445645 0.25446074632112 0.00265957496278008 0.0026595755094796 0.00265957478676852 0.0026595759322455 0.00265957456259083 0.00265957495886177 0.0804935494496125 0.00265957472197008 0.00265957472058627 0.00265957450744727 0.00265957598856638 0.0026595752352599 0.00265957479273976 0.00265957542100384 0.00265957590542289 0.00265957545572553 0.00265957487696557
0.00173611120793164 0.0017361119133289 0.0017361113991532 0.194900390153208 0.00173611125895197 0.00173611181166462 0.00173611161048835 0.300048865393365 0.00173611135551673 0.0893119086060588 0.00173611150853227 0.00173611172849573 0.00173611144486014 0.00173611210457274 0.00173611133413664 0.00173611187360764 0.00173611207665493 0.00173611228478894 0.0899042720301687 0.00173611165275633 0.0686081387402104 0.00173611180901156 0.00173611143328867 0.00173611224622183 0.222504191308778 0.00173611171424839
0.0168539325842697 0.0168539387673072 0.0168539331256228 0.0168539494060404 0.0168539325842732 0.016853933612055 0.0168539500884006 0.0168539326049744 0.0168539326199264 0.0168539462772617 0.0168539415480411 0.016853948029752 0.0168539325842697 0.0168539532112097 0.0168539410185123 0.0168540033756092 0.0168539612172288 0.0168539406492788 0.0168539658251199 0.0168539527253217 0.0168539325843013 0.0168539385842997 0.0168539729639931 0.578651367014188 0.0168539325842697 0.0168539344144736
0.0062761507063555 0.00627615071190212 0.00627615126707909 0.00627615257007944 0.00627615064072303 0.00627615103367774 0.00627615095844094 0.00627615493229373 0.00627615062770937 0.00627615141356225 0.00627615184449559 0.00627615169766493 0.00627615094852392 0.00627615741686567 0.00627615068635784 0.843096198631283 0.00627615248671713 0.00627615069320019 0.00627615749838308 0.00627615577157543 0.00627615147820968 0.00627615069757599 0.00627615095411144 0.00627615067162074 0.00627615242942088 0.00627615123217092
0.162743163343487 0.0755270675765412 0.00278293145852389 0.00278293186370676 0.00278293140508189 0.00278293322984672 0.00278293136549798 0.00278293145304986 0.188402851832122 0.0027829329335123 0.00278293137114511 0.00278293149448194 0.00278293185436579 0.0027829316398345 0.0974243898197536 0.0957719711930706 0.0027829321830702 0.00278293226887879 0.00278293444068087 0.00278293141086242 0.00278293226202637 0.00278293135800401 0.00278293157034591 0.00278293345469801 0.00278293155254924 0.324471915664863
0.00121065380821832 0.420036729979353 0.175314106994844 0.00121065394955387 0.00121065397072448 0.00121065405966215 0.0012106554717072 0.00121065422091648 0.00121065423537122 0.00121065406830159 0.00121065412961326 0.229579590701192 0.00121065398337129 0.0517324722052121 0.00121065431984229 0.00121065393344502 0.00121065391507473 0.00121065389842042 0.00121065384329385 0.00121065383664317 0.00121065416054944 0.00121065425711758 0.00121065386658292 0.0979133637268029 0.00121065437305301 0.00121065409113303
0.00225903680038754 0.00225903722588015 0.00225903633789041 0.00225903638323109 0.00225903675168805 0.00225903857281282 0.00225903648142579 0.00225903641559187 0.00225903671167023 0.00225903614530185 0.00225903694430387 0.872276322629635 0.0022590371310245 0.00225903654977065 0.00225903694912933 0.00225903614457833 0.00225903652990174 0.00225903676561627 0.00225903623513815 0.0022590365744788 0.00225903703391134 0.0735067960743511 0.00225903637370446 0.00225903659392274 0.00225903678634819 0.00225903685830537
0.00793650793650793 0.00793650826841675 0.00793650795272385 0.177029710262947 0.00793650804209281 0.00793650801732399 0.00793650870213656 0.00793650805590944 0.00793650793650794 0.00793650835908921 0.00793650820501458 0.00793650837857354 0.00793650794423597 0.00793650875045868 0.00793650820815817 0.00793651005688245 0.00793650879570192 0.00793650817814058 0.632494074561128 0.00793650863789342 0.00793650793650888 0.00793650861791929 0.00793652250026216 0.00793650843466761 0.00793650823294089 0.00793650902785851
0.00086256502566972 0.000862564925121553 0.000862565054163113 0.000862564978403721 0.000862564803819701 0.0691004684258398 0.00086256501568529 0.000862564915953991 0.000862565139300306 0.000862564866902242 0.000862564861942067 0.000862564812477001 0.000862565395524606 0.502733808699186 0.000862565070148736 0.000862565104215667 0.000862565016989445 0.000862564796009873 0.000862564993966228 0.0777035942439832 0.000862565092383713 0.000862564832169341 0.000862565153299013 0.000862564731174367 0.000862565254581116 0.33148569879109
0.00244299684376231 0.00244299728843991 0.00244299683150465 0.0024429970497547 0.00244299724231159 0.00244299684588241 0.443212350229496 0.00244299715713755 0.00244299707135368 0.00244299692411055 0.00244299687847619 0.00244299689246419 0.00244299676743608 0.00244299690280243 0.00244299727240692 0.216870350846877 0.00244299744348836 0.00244299680379089 0.00244299730289202 0.283728366853625 0.00244299717909737 0.00244299714543532 0.00244299728658581 0.00244299697939974 0.00244299697769821 0.00244299698377155
0.00159744414575631 0.0015974443196614 0.00159744432650916 0.00159744423986965 0.0015974441223978 0.00159744430777811 0.00159744415442609 0.00159744463358175 0.00159744410913075 0.00159744414562914 0.00159744423112741 0.00159744421663855 0.00159744422610972 0.00159744424296825 0.00159744420327518 0.00159744433371704 0.00159744425362936 0.960063893788226 0.00159744429808813 0.00159744420197916 0.00159744422165622 0.0015974441703184 0.00159744450029409 0.00159744417399944 0.00159744420207115 0.00159744423116212
0.0029182889062553 0.00291828799023612 0.00291828808734507 0.00291828806065901 0.0029182891401574 0.00291828834806266 0.00291828847594363 0.00291828812612804 0.00291828868518222 0.00291828812236709 0.00291828797993494 0.00291828804879679 0.00291828822749401 0.00291828811720736 0.00291828834963388 0.00291828817483193 0.00291828817390402 0.00291828828057968 0.00291829193587537 0.00291828907395102 0.00291828814656338 0.00291828820193294 0.92704278794608 0.00291828914924864 0.00291828800778029 0.00291828824384937
0.0011202391335249 0.00112023903609628 0.00112023915659831 0.00112023906723289 0.0011202391560409 0.00112023909430251 0.00112023911896385 0.00112023907703984 0.00112023917669018 0.971994021649393 0.00112023923649261 0.00112023902325021 0.00112023908978467 0.00112023936457424 0.00112023914636522 0.00112023949629481 0.00112023911947136 0.00112023902574364 0.00112023910111694 0.00112023928465992 0.00112023912102311 0.00112023910305812 0.00112023908351023 0.00112023907620479 0.00112023902584039 0.00112023903672711
0.0107913704795749 0.0107913669180557 0.0107913681648409 0.0107913669064748 0.0107913709589231 0.0107913678770456 0.730215794204221 0.0107913677294053 0.0107913709296895 0.0107913669064748 0.0107913669064748 0.0107913697530535 0.0107913727898373 0.0107913674531321 0.0107913676937196 0.0107913682902552 0.0107913674273605 0.0107913671597546 0.0107913671515854 0.0107913671465494 0.0107913693815395 0.0107913669582488 0.0107913674389707 0.0107913677174827 0.0107913687506426 0.0107913669066882
0.00700934729682682 0.00700934596997835 0.00700934640425325 0.00700934639278544 0.00700934579511129 0.0070093463941712 0.00700934642737112 0.00700934636110645 0.0070093461676726 0.00700934758250953 0.00700934626848985 0.00700934656423183 0.00700934788400151 0.30379364594233 0.00700934692927769 0.00700934903049071 0.00700934660751744 0.212224223457836 0.00700934922753136 0.00700934716760451 0.00700934649813162 0.00700934664861228 0.322767153226214 0.00700934597384219 0.00700934788332983 0.00700934589877364
0.00323275980783827 0.00323275895067487 0.00323275891113738 0.00323275893047825 0.00323275881883875 0.00323276121994216 0.00323275872813258 0.00323275913696427 0.0032327596804161 0.131205945343819 0.00323275944799826 0.00323275889372864 0.00323276078034384 0.791207827634216 0.00323275959345107 0.00323275940116299 0.0032327588470793 0.00323275913232525 0.00323275972987085 0.00323275920873877 0.00323276018471219 0.00323275902623174 0.00323275950376587 0.00323275912730158 0.0032327608314512 0.00323275912938028
0.00700934682586737 0.00700934834571339 0.00700934586600939 0.00700934669952302 0.00700934579439262 0.00700934738453478 0.193341845321986 0.00700934810835643 0.00700934673246167 0.00700934601454204 0.00700934583190351 0.00700934580869405 0.00700934636209749 0.00700934587744193 0.00700934978327483 0.00700934635818541 0.00700934752449761 0.00700934579439252 0.00700935000624261 0.00700934617190436 0.00700934610750596 0.00700934667365982 0.00700934710153409 0.00700934600186436 0.638433830064618 0.00700934743879692
0.00700934696164854 0.00700934596756094 0.00700934605708662 0.00700934751598221 0.00700934700821014 0.0070093466540623 0.00700935036940039 0.00700934746394241 0.00700935066066094 0.00700934680157791 0.00700934656575074 0.00700935258955537 0.00700934579439255 0.00700934673825705 0.00700934957375962 0.00700934579439256 0.00700934588849644 0.129195515689464 0.00700934684993376 0.00700934761925934 0.007009347349243 0.00700935184208441 0.00700935047121769 0.0070093462376264 0.702580139057298 0.00700934647913684
0.00793650793650794 0.00793650798176204 0.00793650795427109 0.00793650793650794 0.00793650857561327 0.00793650793650794 0.00793650795633832 0.0079365081341928 0.00793650823314032 0.0079365080559236 0.00793650793650794 0.801587297774094 0.00793650793650794 0.00793650793650794 0.00793650797855252 0.00793650793650794 0.00793650793650794 0.00793650799264676 0.00793650807423288 0.00793650828530995 0.00793650808489301 0.00793650854583173 0.00793650793651598 0.00793650874058035 0.00793650826752945 0.00793650793650806
0.00519031142674099 0.005190313745382 0.00519031288904017 0.00519031391221865 0.00519031145052359 0.00519031150388858 0.870242176238633 0.00519031143706794 0.00519031224887113 0.00519031177926181 0.00519031297962302 0.00519031187769196 0.0051903115124934 0.00519031227025413 0.00519031188605469 0.00519031411637992 0.00519031372847313 0.00519031397320079 0.00519031355954343 0.00519031209446044 0.0051903114186857 0.00519031679172392 0.0051903216468164 0.00519031153509969 0.00519031168654225 0.00519031229132935
0.0044247792235146 0.00442477881547573 0.00442477876584992 0.00442477920360007 0.00442477876926898 0.00442477889970099 0.00442477893320931 0.129963499613932 0.00442477891131104 0.00442477915966936 0.00442477902615939 0.0970004397070258 0.00442477905103014 0.004424779694811 0.00442477952108427 0.00442477973443653 0.00442477910585877 0.00442477909388834 0.671266137812759 0.00442477993861517 0.00442477879273095 0.00442477903653943 0.00442478162896704 0.00442477887224524 0.00442477955066631 0.00442477913765115
0.00306748556197309 0.00306748567150162 0.00306748540176421 0.00306748513640222 0.00306748637096022 0.00306748516863367 0.162385882498974 0.763994462743151 0.00306748619111693 0.00306748588394504 0.00306748520537307 0.00306748502379436 0.00306748526693897 0.00306748482460022 0.00306748750548521 0.00306748475933494 0.00306748488791793 0.00306748603405516 0.00306748477868311 0.00306748725265099 0.00306748605943458 0.00306748662482384 0.00306748648649226 0.00306748472310798 0.00306748494233066 0.00306748499655405
0.00477707392882191 0.00477707015844936 0.00477707048196874 0.00477707050366106 0.00477707405589132 0.00477707151452953 0.00477707167155091 0.00477707085562126 0.00477707220544013 0.0047770706088696 0.00477707006373927 0.0047770704008368 0.0047770712482316 0.00477707032531392 0.00477707181755038 0.0047770707000016 0.00477707260426503 0.00477707035341911 0.537166386342298 0.348183903004758 0.00477707039085527 0.00477707048095728 0.00477707378908635 0.00477707184012145 0.00477707026650383 0.0047770703872586
0.00519031374824327 0.00519031147657946 0.00519031294611459 0.00519031143442762 0.00519031420736953 0.00519031173757646 0.0051903146405729 0.00519031141868517 0.00519031270979914 0.00519031287389086 0.00519031226328862 0.00519031144996629 0.00519031328981684 0.0051903163049184 0.00519031200153901 0.00519031242536293 0.00519031141875883 0.00519031153432295 0.00519031141868514 0.00519031241253679 0.870242190213787 0.00519031169961092 0.00519031160174802 0.00519031182204999 0.00519031153166394 0.00519031141868513
0.0168539325842996 0.0168539363730236 0.0168539337829228 0.0168539373528103 0.0168539331589899 0.0168539328217742 0.0168539330221894 0.0168539371716468 0.0168539331104793 0.0168539325842697 0.0168539333428272 0.0168539336410224 0.0168539325842697 0.0168539327269891 0.0168539329540608 0.0168539333110077 0.0168539378426642 0.0168539400048369 0.0168539344768303 0.0168539326082377 0.0168539336756111 0.0168539366713935 0.578651640591514 0.0168539343234308 0.0168539345670683 0.0168539347158308
0.0047770716634871 0.0933514971210415 0.00477707165495206 0.00477707116268182 0.00477707300512625 0.00477707202299739 0.791998795457975 0.0047770705000936 0.00477707148224938 0.00477707019357914 0.00477707075393669 0.00477707017286584 0.00477707086448969 0.00477707058269191 0.00477707030546392 0.00477707037205778 0.00477707069436217 0.00477707097258848 0.00477707149681211 0.00477707039457999 0.00477707251539557 0.0047770705311569 0.00477707276276849 0.004777070651391 0.00477707105568457 0.00477707160957166
0.00323275891253115 0.00323275926784673 0.00323275874612005 0.230628859359798 0.00323275899886253 0.00323275888248544 0.540500244804463 0.00323275905295808 0.00323275916218884 0.00323275918512977 0.00323275892589873 0.00323275882590016 0.00323275867998623 0.00323276034919782 0.00323275983012844 0.00323276289489084 0.00323275988975531 0.00323275906810758 0.00323275986398558 0.154517428978814 0.00323275883302517 0.00323275931044331 0.00323276020876823 0.00323275867950515 0.0032327595433962 0.0032327597458135
0.00519031546769855 0.00519031142059115 0.00519031149779826 0.00519031173480039 0.00519031190010556 0.00519031159026127 0.00519031642754205 0.00519031300564904 0.00519031221562044 0.00519031174328137 0.00519031233969398 0.00519031169164182 0.00519031141868513 0.00519031222632523 0.00519031520358977 0.00519031334925693 0.093897339031642 0.00519031486878427 0.00519031163074113 0.373420229047159 0.00519031419121423 0.00519031469852088 0.413305232443768 0.005190314811653 0.00519031357721677 0.00519031246676028
0.00114155266646975 0.00114155256549278 0.0011415526604752 0.00114155259758042 0.00114155268986794 0.00114155261659274 0.00114155265133821 0.00114155260777161 0.00114155267163392 0.971461183737088 0.00114155267718249 0.0011415525518745 0.00114155262101577 0.00114155284164636 0.00114155267981312 0.00114155291879397 0.00114155265186559 0.00114155254596013 0.00114155263279204 0.0011415528235239 0.00114155262311418 0.00114155263480929 0.0011415526144955 0.00114155260302075 0.00114155254971982 0.0011415525660625
0.933510608284323 0.00265957492732606 0.00265957531334585 0.00265957480551878 0.00265957579591453 0.00265957506402949 0.00265957756277878 0.00265957598729724 0.00265957605208668 0.00265957475568115 0.00265957673434195 0.00265957515896437 0.0026595772987225 0.00265957602220798 0.00265957537434641 0.00265957552221963 0.00265957526505297 0.00265957511694672 0.0026595749652118 0.00265957668980041 0.00265957528866162 0.00265957709008499 0.0026595762529487 0.00265957462766778 0.00265957531037913 0.00265957473414186
0.00116369288125742 0.00116369323103591 0.00116369285311289 0.00116369312077006 0.00116369280034774 0.00116369329364771 0.00116369284473375 0.00116369349759695 0.00116369283806402 0.00116369288634661 0.00116369296791917 0.00116369313906477 0.00116369287124786 0.00116369298495345 0.00116369288955405 0.00116369306942496 0.00116369325655497 0.00116369433220856 0.100908078968031 0.00116369307296108 0.00116369302686553 0.00116369290691448 0.223608052926136 0.00116369286016801 0.00116369342951823 0.648718927051565
0.0051903121350405 0.00519031184919307 0.00519031224140698 0.106171497460573 0.140055365019705 0.00519031246840406 0.00519031380973801 0.00519031200026408 0.00519031563247754 0.00519031159055805 0.00519031162003785 0.00519031187172454 0.00519031178937088 0.00519031325665268 0.00519031381822323 0.302375042113413 0.109722003542766 0.00519031143399592 0.00519031277316664 0.00519032250765527 0.00519031428490194 0.0051903125698736 0.00519031380122084 0.0916955017259235 0.146174325576463 0.0051903131072497
0.00385604164218186 0.00385604195442095 0.00385604392698835 0.00385604133724168 0.540951956831271 0.00385604289372665 0.366503034312781 0.00385604175685959 0.00385604172818801 0.00385604149815863 0.00385604338731868 0.00385604148526053 0.00385604191577998 0.00385604203789893 0.00385604145619237 0.00385604143402334 0.00385604151378882 0.00385604134013963 0.00385604133820466 0.0038560438664567 0.0038560414483092 0.00385604373653258 0.00385604144639461 0.00385604139954403 0.00385604245364615 0.00385604185869257
0.0234375177000531 0.0234375 0.023437504641232 0.0234375 0.0234375214946259 0.0234375018771313 0.414062429406307 0.0234375 0.0234375050263847 0.0234375 0.0234375 0.0234375 0.023437514422289 0.0234375 0.0234375 0.0234375 0.0234375 0.0234375 0.0234375 0.0234375 0.0234375024858345 0.0234375 0.0234375 0.0234375027911389 0.0234375001550033 0.0234375
0.00385604319453883 0.00385604150953949 0.00385604154321335 0.00385604341779107 0.0038560412704233 0.266013038592236 0.00385604193478153 0.00385604181784721 0.00385604150387665 0.00385604237957021 0.00385604193269839 0.00385604197743641 0.0038560434336779 0.00385604221046608 0.00385604150710485 0.00385604390958084 0.285275757864309 0.00385604140375125 0.00385604443844061 0.00385604245600809 0.360022225729642 0.00385604221128662 0.00385604446317024 0.0038560440994687 0.0038560436613078 0.00385604153783321
0.00254668955729715 0.00254668995727568 0.00254668931325277 0.0025466912445978 0.00254668954569395 0.00254669044757136 0.00254668934316357 0.00254669119721318 0.00254668951073454 0.00254669497224408 0.00254668977217312 0.00254668978411847 0.00254668986197216 0.00254669102325584 0.00254668959545514 0.0025466893667279 0.00254668937263304 0.00254668979995866 0.0025466940162466 0.00254668945238409 0.00254668976882503 0.00254669068498148 0.0025466900333292 0.00254669002049551 0.63000314986994 0.30887628248846
0.949255737402286 0.00202977030081717 0.0020297709290308 0.00202977022095811 0.0020297703083983 0.00202977078256823 0.00202977006505533 0.00202977040729745 0.00202977082065622 0.00202977121363219 0.00202977026602971 0.00202977008122006 0.00202977105022014 0.00202977013100132 0.00202977106499618 0.00202977013761161 0.00202977064490901 0.00202977024841252 0.00202977062124586 0.00202977011165905 0.00202977102277161 0.00202977058575792 0.00202977043308828 0.00202977006902288 0.00202977044596659 0.00202977063538749
0.00442477946619276 0.00442477916856353 0.00442477889316192 0.00442477905318102 0.00442477992136788 0.0044247790754728 0.00442477946160983 0.004424778936703 0.00442477951047902 0.00442477985444465 0.00442477879992521 0.369383113831352 0.00442477889812947 0.00442477881021093 0.00442477876106196 0.00442477905689594 0.00442477887427874 0.00442477977072716 0.00442477900099214 0.00442478132759586 0.524422176959022 0.00442478079926848 0.00442477936492998 0.00442478432328221 0.00442477912745799 0.00442477895369369
0.702065469257018 0.00477707008151695 0.00477707014238695 0.00477707009900098 0.00477707079228597 0.0047770724367615 0.00477707025525506 0.183284835726437 0.00477707047624431 0.00477707013454722 0.00477707030380758 0.00477707045844883 0.00477707159795783 0.00477707014083005 0.00477707015393092 0.00477707162337759 0.00477707020677659 0.00477707107915055 0.00477707093058822 0.00477707026972425 0.00477707019356853 0.00477707090860664 0.00477707083211409 0.00477707076423382 0.00477707072221315 0.00477707041321792
0.00627615066905648 0.00627615106681385 0.00627615105105529 0.00627615107025244 0.00627615062761506 0.00627615062761506 0.00627615078957182 0.00627615128629345 0.00627615612206751 0.00627615131370519 0.00627615102624618 0.00627615065373977 0.0062761526813273 0.843096210946115 0.00627615207564593 0.00627615073755338 0.00627615062761507 0.00627615493300351 0.00627615199482817 0.00627615081157203 0.00627615095722863 0.00627615062761506 0.00627615540847617 0.00627615062761506 0.00627615063942334 0.00627615062794918
0.00412087934825755 0.00412087920700695 0.00412088168686263 0.0041208796616492 0.00412087940100522 0.00412088058895861 0.00412087974436666 0.00412087946022502 0.00412089395815386 0.00412088061051219 0.0041208791678662 0.00412087929395742 0.00412087952281525 0.00412087922324026 0.00412087935344297 0.00412087923894897 0.00412088005988736 0.00412087912087931 0.0041208804206561 0.205587501117388 0.00412087990183067 0.00412087922368548 0.00412088036851688 0.0041208792636693 0.695511370957256 0.00412088009896235
0.00202977088883355 0.617908823208879 0.190984713434888 0.14442173671282 0.00202977117782514 0.00202977356629485 0.00202977145747285 0.00202977054039892 0.00202977069622198 0.00202977093245724 0.00202977014356341 0.00202977012318693 0.00202977225045535 0.00202977035343646 0.0020297709878649 0.00202977004975876 0.00202977065073067 0.00202977036461295 0.00202977012308183 0.0020297701227516 0.00202977061077563 0.00202977061286807 0.00202977029319002 0.00202977016471893 0.00202977008340665 0.00202977044950627
0.000888099805657036 0.000888099847163746 0.000888100170293566 0.000888099790596145 0.580354038613559 0.298324785888898 0.000888099625244602 0.000888100055202116 0.000888099749878172 0.000888099888710372 0.000888099916362728 0.000888099996013432 0.000888099777388112 0.000888099961253286 0.000888099776821574 0.000888099685518233 0.00088810005150349 0.000888099567331994 0.00088810001252433 0.000888100399356455 0.000888099924688426 0.000888100138332814 0.000888099640621558 0.000888099639634015 0.000888099656452641 0.100894878420994
0.0022590363277172 0.00225903655506409 0.00225903632497726 0.00225903818859786 0.00225903717682816 0.00225903771355764 0.140470882330831 0.00225903632872814 0.00225903632952498 0.00225903639639449 0.00225903627767049 0.0022590365422007 0.00225903628234633 0.00225903649004704 0.00225903631035671 0.328219649344923 0.00225903657865909 0.0022590367343697 0.00225903664874917 0.436307653527456 0.00225903667219739 0.002259036614694 0.0453030084263364 0.00225903623676126 0.00225903646309147 0.00225903717792013
0.00128865984088206 0.00128866084555388 0.00128866027062056 0.00128866041321478 0.00128865998387033 0.00128866019054136 0.0012886598022896 0.405452110693206 0.00128865996052846 0.00128865990788092 0.00128866014306222 0.00128866002082485 0.00128866065310267 0.00128866004177346 0.00128866010948364 0.00128865984662842 0.00128866000285076 0.00128866010496152 0.00128865998185571 0.00128866003423986 0.00128866036447075 0.00128866022060701 0.00128865998212547 0.00128865991947314 0.373721352150796 0.191187354515156
0.0131578947368421 0.0131578947368421 0.0131578947368421 0.0131578947368421 0.0131578947368421 0.0131578947368421 0.0131578947368421 0.0131578947368421 0.0131578947646793 0.23245613805965 0.0131578947368421 0.0131579182529719 0.0131578949517379 0.0131578947368421 0.0131578958015102 0.0131578947368421 0.0131578947368421 0.0131578950783986 0.0131578957756845 0.0131578971784153 0.0131578947368421 0.0131578981741285 0.0131578947368421 0.451754349994337 0.013157900915855 0.0131578947368421
0.0168539325842697 0.0168539325842697 0.0168539326505079 0.0168539325842697 0.0168539325842697 0.0168539325842697 0.0168539325842697 0.0168539333214305 0.016853933690403 0.0168539329906671 0.0168539325842697 0.578651676069266 0.0168539326433583 0.0168539325842697 0.0168539328770149 0.0168539325842697 0.0168539325842697 0.0168539328875254 0.0168539332481998 0.0168539332390345 0.0168539331375931 0.0168539331907379 0.0168539325842997 0.0168539339405788 0.0168539351024175 0.0168539325842697
0.00477707147898069 0.00477707045056986 0.00477707020778808 0.00477707026726928 0.0047770701882985 0.00477707040334572 0.00477707044356264 0.00477707009207849 0.0047770701359185 0.00477707051573107 0.0047770706529667 0.00477707011972303 0.00477707017877904 0.00477707025174874 0.00477707009571521 0.880573239850723 0.00477707053866134 0.00477707079182538 0.00477707045200494 0.00477707076756663 0.00477707056873498 0.00477707025204574 0.00477707057129079 0.00477707031284172 0.00477707016655585 0.00477707024527384
